Gm=200 dt=1.0
---
   it     t(ms)         Vm(mV)
           0   0.00000000       0.00000000    
           1   1.00000000       0.00000000    
           2   2.00000000       0.00000000    
           3   3.00000000       0.00000000    
           4   4.00000000       0.00000000    
           5   5.00000000       0.00000000    
           6   6.00000000       2.00000000    
           7   7.00000000       3.59999990    
           8   8.00000000       4.88000011    
           9   9.00000000       5.90400028    
          10   10.0000000       6.72320032    
          11   11.0000000       7.37856007    
          12   12.0000000       7.90284824    
          13   13.0000000       8.32227898    
          14   14.0000000       8.65782356    
          15   15.0000000       8.92625904    
          16   16.0000000       9.14100742    
          17   17.0000000       9.31280613    
          18   18.0000000       9.45024490    
          19   19.0000000       9.56019592    
          20   20.0000000       9.64815712    
          21   21.0000000       9.71852589    
          22   22.0000000       9.77482033    
          23   23.0000000       9.81985664    
          24   24.0000000       9.85588551    
          25   25.0000000       9.88470840    
          26   26.0000000       9.90776634    
          27   27.0000000       9.92621326    
          28   28.0000000       9.94097042    
          29   29.0000000       9.95277596    
          30   30.0000000       9.96222115    
          31   31.0000000       9.96977711    
          32   32.0000000       9.97582150    
          33   33.0000000       9.98065758    
          34   34.0000000       9.98452568    
          35   35.0000000       9.98762035    
          36   36.0000000       9.99009609    
          37   37.0000000       9.99207687    
          38   38.0000000       9.99366188    
          39   39.0000000       9.99492931    
          40   40.0000000       9.99594307    
          41   41.0000000       9.99675465    
          42   42.0000000       9.99740410    
          43   43.0000000       9.99792290    
          44   44.0000000       9.99833870    
          45   45.0000000       9.99867058    
          46   46.0000000       9.99893665    
          47   47.0000000       9.99914932    
          48   48.0000000       9.99931908    
          49   49.0000000       9.99945545    
          50   50.0000000       9.99956417    
          51   51.0000000       7.99965143    
          52   52.0000000       6.39972115    
          53   53.0000000       5.11977673    
          54   54.0000000       4.09582138    
          55   55.0000000       3.27665710    
          56   56.0000000       2.62132573    
          57   57.0000000       2.09706068    
          58   58.0000000       1.67764854    
          59   59.0000000       1.34211886    
          60   60.0000000       1.07369506    
          61   61.0000000      0.858956039    
          62   62.0000000      0.687164843    
          63   63.0000000      0.549731851    
          64   64.0000000      0.439785480    
          65   65.0000000      0.351828396    
          66   66.0000000      0.281462729    
          67   67.0000000      0.225170180    
          68   68.0000000      0.180136144    
          69   69.0000000      0.144108921    
          70   70.0000000      0.115287140    
          71   71.0000000       9.22297090E-02
          72   72.0000000       7.37837702E-02
          73   73.0000000       5.90270162E-02
          74   74.0000000       4.72216122E-02
          75   75.0000000       3.77772897E-02
          76   76.0000000       3.02218311E-02
          77   77.0000000       2.41774656E-02
          78   78.0000000       1.93419717E-02
          79   79.0000000       1.54735772E-02

Gm=100 dt=1.0
---
   it     t(ms)         Vm(mV)
           0   0.00000000       0.00000000    
           1   1.00000000       0.00000000    
           2   2.00000000       0.00000000    
           3   3.00000000       0.00000000    
           4   4.00000000       0.00000000    
           5   5.00000000       0.00000000    
           6   6.00000000       2.00000000    
           7   7.00000000       3.79999995    
           8   8.00000000       5.42000008    
           9   9.00000000       6.87800026    
          10   10.0000000       8.19019985    
          11   11.0000000       9.37117958    
          12   12.0000000       10.4340611    
          13   13.0000000       11.3906546    
          14   14.0000000       12.2515888    
          15   15.0000000       13.0264301    
          16   16.0000000       13.7237873    
          17   17.0000000       14.3514090    
          18   18.0000000       14.9162683    
          19   19.0000000       15.4246416    
          20   20.0000000       15.8821774    
          21   21.0000000       16.2939606    
          22   22.0000000       16.6645641    
          23   23.0000000       16.9981079    
          24   24.0000000       17.2982979    
          25   25.0000000       17.5684681    
          26   26.0000000       17.8116207    
          27   27.0000000       18.0304585    
          28   28.0000000       18.2274132    
          29   29.0000000       18.4046726    
          30   30.0000000       18.5642052    
          31   31.0000000       18.7077847    
          32   32.0000000       18.8370056    
          33   33.0000000       18.9533043    
          34   34.0000000       19.0579739    
          35   35.0000000       19.1521759    
          36   36.0000000       19.2369576    
          37   37.0000000       19.3132610    
          38   38.0000000       19.3819351    
          39   39.0000000       19.4437408    
          40   40.0000000       19.4993668    
          41   41.0000000       19.5494308    
          42   42.0000000       19.5944881    
          43   43.0000000       19.6350403    
          44   44.0000000       19.6715355    
          45   45.0000000       19.7043819    
          46   46.0000000       19.7339439    
          47   47.0000000       19.7605495    
          48   48.0000000       19.7844944    
          49   49.0000000       19.8060455    
          50   50.0000000       19.8254414    
          51   51.0000000       17.8428974    
          52   52.0000000       16.0586071    
          53   53.0000000       14.4527464    
          54   54.0000000       13.0074720    
          55   55.0000000       11.7067251    
          56   56.0000000       10.5360527    
          57   57.0000000       9.48244762    
          58   58.0000000       8.53420258    
          59   59.0000000       7.68078232    
          60   60.0000000       6.91270399    
          61   61.0000000       6.22143364    
          62   62.0000000       5.59929037    
          63   63.0000000       5.03936148    
          64   64.0000000       4.53542519    
          65   65.0000000       4.08188248    
          66   66.0000000       3.67369413    
          67   67.0000000       3.30632472    
          68   68.0000000       2.97569227    
          69   69.0000000       2.67812300    
          70   70.0000000       2.41031075    
          71   71.0000000       2.16927958    
          72   72.0000000       1.95235157    
          73   73.0000000       1.75711644    
          74   74.0000000       1.58140481    
          75   75.0000000       1.42326427    
          76   76.0000000       1.28093779    
          77   77.0000000       1.15284395    
          78   78.0000000       1.03755951    
          79   79.0000000      0.933803558    

Gm=50 dt=1.0
---
   it     t(ms)         Vm(mV)
           0   0.00000000       0.00000000    
           1   1.00000000       0.00000000    
           2   2.00000000       0.00000000    
           3   3.00000000       0.00000000    
           4   4.00000000       0.00000000    
           5   5.00000000       0.00000000    
           6   6.00000000       2.00000000    
           7   7.00000000       3.90000010    
           8   8.00000000       5.70499992    
           9   9.00000000       7.41975021    
          10   10.0000000       9.04876232    
          11   11.0000000       10.5963240    
          12   12.0000000       12.0665073    
          13   13.0000000       13.4631824    
          14   14.0000000       14.7900238    
          15   15.0000000       16.0505219    
          16   16.0000000       17.2479954    
          17   17.0000000       18.3855953    
          18   18.0000000       19.4663162    
          19   19.0000000       20.4930000    
          20   20.0000000       21.4683495    
          21   21.0000000       22.3949318    
          22   22.0000000       23.2751846    
          23   23.0000000       24.1114254    
          24   24.0000000       24.9058533    
          25   25.0000000       25.6605606    
          26   26.0000000       26.3775330    
          27   27.0000000       27.0586567    
          28   28.0000000       27.7057247    
          29   29.0000000       28.3204384    
          30   30.0000000       28.9044170    
          31   31.0000000       29.4591961    
          32   32.0000000       29.9862366    
          33   33.0000000       30.4869251    
          34   34.0000000       30.9625797    
          35   35.0000000       31.4144516    
          36   36.0000000       31.8437290    
          37   37.0000000       32.2515411    
          38   38.0000000       32.6389656    
          39   39.0000000       33.0070190    
          40   40.0000000       33.3566666    
          41   41.0000000       33.6888351    
          42   42.0000000       34.0043945    
          43   43.0000000       34.3041763    
          44   44.0000000       34.5889664    
          45   45.0000000       34.8595200    
          46   46.0000000       35.1165428    
          47   47.0000000       35.3607140    
          48   48.0000000       35.5926781    
          49   49.0000000       35.8130455    
          50   50.0000000       36.0223923    
          51   51.0000000       34.2212715    
          52   52.0000000       32.5102081    
          53   53.0000000       30.8846970    
          54   54.0000000       29.3404617    
          55   55.0000000       27.8734379    
          56   56.0000000       26.4797668    
          57   57.0000000       25.1557789    
          58   58.0000000       23.8979893    
          59   59.0000000       22.7030907    
          60   60.0000000       21.5679359    
          61   61.0000000       20.4895401    
          62   62.0000000       19.4650631    
          63   63.0000000       18.4918098    
          64   64.0000000       17.5672188    
          65   65.0000000       16.6888580    
          66   66.0000000       15.8544149    
          67   67.0000000       15.0616941    
          68   68.0000000       14.3086090    
          69   69.0000000       13.5931787    
          70   70.0000000       12.9135199    
          71   71.0000000       12.2678442    
          72   72.0000000       11.6544523    
          73   73.0000000       11.0717297    
          74   74.0000000       10.5181427    
          75   75.0000000       9.99223518    
          76   76.0000000       9.49262333    
          77   77.0000000       9.01799202    
          78   78.0000000       8.56709290    
          79   79.0000000       8.13873863    

Gm=20 dt=1.0
---
   it     t(ms)         Vm(mV)
           0   0.00000000       0.00000000    
           1   1.00000000       0.00000000    
           2   2.00000000       0.00000000    
           3   3.00000000       0.00000000    
           4   4.00000000       0.00000000    
           5   5.00000000       0.00000000    
           6   6.00000000       2.00000000    
           7   7.00000000       3.96000004    
           8   8.00000000       5.88080025    
           9   9.00000000       7.76318407    
          10   10.0000000       9.60792065    
          11   11.0000000       11.4157619    
          12   12.0000000       13.1874466    
          13   13.0000000       14.9236975    
          14   14.0000000       16.6252232    
          15   15.0000000       18.2927189    
          16   16.0000000       19.9268646    
          17   17.0000000       21.5283279    
          18   18.0000000       23.0977612    
          19   19.0000000       24.6358051    
          20   20.0000000       26.1430893    
          21   21.0000000       27.6202278    
          22   22.0000000       29.0678234    
          23   23.0000000       30.4864674    
          24   24.0000000       31.8767376    
          25   25.0000000       33.2392044    
          26   26.0000000       34.5744209    
          27   27.0000000       35.8829308    
          28   28.0000000       37.1652718    
          29   29.0000000       38.4219666    
          30   30.0000000       39.6535263    
          31   31.0000000       40.8604546    
          32   32.0000000       42.0432472    
          33   33.0000000       43.2023811    
          34   34.0000000       44.3383331    
          35   35.0000000       45.4515648    
          36   36.0000000       46.5425339    
          37   37.0000000       47.6116829    
          38   38.0000000       48.6594505    
          39   39.0000000       49.6862602    
          40   40.0000000       50.6925354    
          41   41.0000000       51.6786842    
          42   42.0000000       52.6451111    
          43   43.0000000       53.5922089    
          44   44.0000000       54.5203629    
          45   45.0000000       55.4299545    
          46   46.0000000       56.3213539    
          47   47.0000000       57.1949272    
          48   48.0000000       58.0510292    
          49   49.0000000       58.8900070    
          50   50.0000000       59.7122078    
          51   51.0000000       58.5179634    
          52   52.0000000       57.3476028    
          53   53.0000000       56.2006493    
          54   54.0000000       55.0766373    
          55   55.0000000       53.9751053    
          56   56.0000000       52.8956032    
          57   57.0000000       51.8376923    
          58   58.0000000       50.8009377    
          59   59.0000000       49.7849197    
          60   60.0000000       48.7892227    
          61   61.0000000       47.8134384    
          62   62.0000000       46.8571701    
          63   63.0000000       45.9200249    
          64   64.0000000       45.0016251    
          65   65.0000000       44.1015930    
          66   66.0000000       43.2195625    
          67   67.0000000       42.3551712    
          68   68.0000000       41.5080681    
          69   69.0000000       40.6779060    
          70   70.0000000       39.8643494    
          71   71.0000000       39.0670624    
          72   72.0000000       38.2857208    
          73   73.0000000       37.5200081    
          74   74.0000000       36.7696075    
          75   75.0000000       36.0342140    
          76   76.0000000       35.3135300    
          77   77.0000000       34.6072578    
          78   78.0000000       33.9151115    
          79   79.0000000       33.2368088    

Gm=10 dt=1.0
---
   it     t(ms)         Vm(mV)
           0   0.00000000       0.00000000    
           1   1.00000000       0.00000000    
           2   2.00000000       0.00000000    
           3   3.00000000       0.00000000    
           4   4.00000000       0.00000000    
           5   5.00000000       0.00000000    
           6   6.00000000       2.00000000    
           7   7.00000000       3.98000002    
           8   8.00000000       5.94019985    
           9   9.00000000       7.88079786    
          10   10.0000000       9.80198956    
          11   11.0000000       11.7039700    
          12   12.0000000       13.5869303    
          13   13.0000000       15.4510612    
          14   14.0000000       17.2965508    
          15   15.0000000       19.1235847    
          16   16.0000000       20.9323483    
          17   17.0000000       22.7230244    
          18   18.0000000       24.4957943    
          19   19.0000000       26.2508354    
          20   20.0000000       27.9883270    
          21   21.0000000       29.7084446    
          22   22.0000000       31.4113598    
          23   23.0000000       33.0972443    
          24   24.0000000       34.7662735    
          25   25.0000000       36.4186096    
          26   26.0000000       38.0544243    
          27   27.0000000       39.6738815    
          28   28.0000000       41.2771416    
          29   29.0000000       42.8643684    
          30   30.0000000       44.4357262    
          31   31.0000000       45.9913673    
          32   32.0000000       47.5314522    
          33   33.0000000       49.0561371    
          34   34.0000000       50.5655746    
          35   35.0000000       52.0599174    
          36   36.0000000       53.5393181    
          37   37.0000000       55.0039253    
          38   38.0000000       56.4538879    
          39   39.0000000       57.8893509    
          40   40.0000000       59.3104591    
          41   41.0000000       60.7173538    
          42   42.0000000       62.1101799    
          43   43.0000000       63.4890785    
          44   44.0000000       64.8541870    
          45   45.0000000       66.2056427    
          46   46.0000000       67.5435867    
          47   47.0000000       68.8681488    
          48   48.0000000       70.1794662    
          49   49.0000000       71.4776688    
          50   50.0000000       72.7628937    
          51   51.0000000       72.0352631    
          52   52.0000000       71.3149109    
          53   53.0000000       70.6017609    
          54   54.0000000       69.8957443    
          55   55.0000000       69.1967850    
          56   56.0000000       68.5048141    
          57   57.0000000       67.8197632    
          58   58.0000000       67.1415634    
          59   59.0000000       66.4701462    
          60   60.0000000       65.8054428    
          61   61.0000000       65.1473846    
          62   62.0000000       64.4959106    
          63   63.0000000       63.8509521    
          64   64.0000000       63.2124443    
          65   65.0000000       62.5803185    
          66   66.0000000       61.9545135    
          67   67.0000000       61.3349686    
          68   68.0000000       60.7216187    
          69   69.0000000       60.1144028    
          70   70.0000000       59.5132599    
          71   71.0000000       58.9181290    
          72   72.0000000       58.3289490    
          73   73.0000000       57.7456589    
          74   74.0000000       57.1682014    
          75   75.0000000       56.5965195    
          76   76.0000000       56.0305557    
          77   77.0000000       55.4702492    
          78   78.0000000       54.9155464    
          79   79.0000000       54.3663902    

