 -2.4921000000E+01  -6.1429931685E-02  -6.1873547016E-02
 -2.4821000000E+01  -6.1419980510E-02  -6.1865186788E-02
 -2.4721000000E+01  -6.1409988008E-02  -6.1856797391E-02
 -2.4621000000E+01  -6.1399953752E-02  -6.1848378547E-02
 -2.4521000000E+01  -6.1389877307E-02  -6.1839929974E-02
 -2.4421000000E+01  -6.1379758231E-02  -6.1831451387E-02
 -2.4321000000E+01  -6.1369596075E-02  -6.1822942494E-02
 -2.4221000000E+01  -6.1359390384E-02  -6.1814403001E-02
 -2.4121000000E+01  -6.1349140694E-02  -6.1805832610E-02
 -2.4021000000E+01  -6.1338846536E-02  -6.1797231016E-02
 -2.3921000000E+01  -6.1328507433E-02  -6.1788597914E-02
 -2.3821000000E+01  -6.1318122898E-02  -6.1779932990E-02
 -2.3721000000E+01  -6.1307692440E-02  -6.1771235928E-02
 -2.3621000000E+01  -6.1297215557E-02  -6.1762506407E-02
 -2.3521000000E+01  -6.1286691740E-02  -6.1753744099E-02
 -2.3421000000E+01  -6.1276120472E-02  -6.1744948674E-02
 -2.3321000000E+01  -6.1265501227E-02  -6.1736119796E-02
 -2.3221000000E+01  -6.1254833470E-02  -6.1727257123E-02
 -2.3121000000E+01  -6.1244116659E-02  -6.1718360308E-02
 -2.3021000000E+01  -6.1233350242E-02  -6.1709429001E-02
 -2.2921000000E+01  -6.1222533656E-02  -6.1700462842E-02
 -2.2821000000E+01  -6.1211666330E-02  -6.1691461470E-02
 -2.2721000000E+01  -6.1200747685E-02  -6.1682424516E-02
 -2.2621000000E+01  -6.1189777130E-02  -6.1673351605E-02
 -2.2521000000E+01  -6.1178754063E-02  -6.1664242358E-02
 -2.2421000000E+01  -6.1167677875E-02  -6.1655096388E-02
 -2.2321000000E+01  -6.1156547943E-02  -6.1645913303E-02
 -2.2221000000E+01  -6.1145363637E-02  -6.1636692703E-02
 -2.2121000000E+01  -6.1134124311E-02  -6.1627434185E-02
 -2.2021000000E+01  -6.1122829313E-02  -6.1618137336E-02
 -2.1921000000E+01  -6.1111477975E-02  -6.1608801738E-02
 -2.1821000000E+01  -6.1100069620E-02  -6.1599426966E-02
 -2.1721000000E+01  -6.1088603559E-02  -6.1590012588E-02
 -2.1621000000E+01  -6.1077079087E-02  -6.1580558164E-02
 -2.1521000000E+01  -6.1065495491E-02  -6.1571063248E-02
 -2.1421000000E+01  -6.1053852043E-02  -6.1561527386E-02
 -2.1321000000E+01  -6.1042148001E-02  -6.1551950115E-02
 -2.1221000000E+01  -6.1030382609E-02  -6.1542330968E-02
 -2.1121000000E+01  -6.1018555100E-02  -6.1532669466E-02
 -2.1021000000E+01  -6.1006664690E-02  -6.1522965124E-02
 -2.0921000000E+01  -6.0994710581E-02  -6.1513217448E-02
 -2.0821000000E+01  -6.0982691960E-02  -6.1503425935E-02
 -2.0721000000E+01  -6.0970608000E-02  -6.1493590074E-02
 -2.0621000000E+01  -6.0958457855E-02  -6.1483709346E-02
 -2.0521000000E+01  -6.0946240666E-02  -6.1473783221E-02
 -2.0421000000E+01  -6.0933955556E-02  -6.1463811161E-02
 -2.0321000000E+01  -6.0921601631E-02  -6.1453792617E-02
 -2.0221000000E+01  -6.0909177980E-02  -6.1443727032E-02
 -2.0121000000E+01  -6.0896683674E-02  -6.1433613838E-02
 -2.0021000000E+01  -6.0884117766E-02  -6.1423452457E-02
 -1.9921000000E+01  -6.0871479289E-02  -6.1413242300E-02
 -1.9821000000E+01  -6.0858767257E-02  -6.1402982767E-02
 -1.9721000000E+01  -6.0845980666E-02  -6.1392673249E-02
 -1.9621000000E+01  -6.0833118489E-02  -6.1382313124E-02
 -1.9521000000E+01  -6.0820179680E-02  -6.1371901758E-02
 -1.9421000000E+01  -6.0807163171E-02  -6.1361438507E-02
 -1.9321000000E+01  -6.0794067870E-02  -6.1350922712E-02
 -1.9221000000E+01  -6.0780892666E-02  -6.1340353705E-02
 -1.9121000000E+01  -6.0767636422E-02  -6.1329730803E-02
 -1.9021000000E+01  -6.0754297978E-02  -6.1319053310E-02
 -1.8921000000E+01  -6.0740876149E-02  -6.1308320517E-02
 -1.8821000000E+01  -6.0727369724E-02  -6.1297531701E-02
 -1.8721000000E+01  -6.0713777469E-02  -6.1286686127E-02
 -1.8621000000E+01  -6.0700098119E-02  -6.1275783041E-02
 -1.8521000000E+01  -6.0686330385E-02  -6.1264821678E-02
 -1.8421000000E+01  -6.0672472948E-02  -6.1253801257E-02
 -1.8321000000E+01  -6.0658524460E-02  -6.1242720979E-02
 -1.8221000000E+01  -6.0644483542E-02  -6.1231580032E-02
 -1.8121000000E+01  -6.0630348787E-02  -6.1220377586E-02
 -1.8021000000E+01  -6.0616118753E-02  -6.1209112794E-02
 -1.7921000000E+01  -6.0601791967E-02  -6.1197784792E-02
 -1.7821000000E+01  -6.0587366923E-02  -6.1186392697E-02
 -1.7721000000E+01  -6.0572842078E-02  -6.1174935608E-02
 -1.7621000000E+01  -6.0558215854E-02  -6.1163412607E-02
 -1.7521000000E+01  -6.0543486637E-02  -6.1151822754E-02
 -1.7421000000E+01  -6.0528652774E-02  -6.1140165089E-02
 -1.7321000000E+01  -6.0513712572E-02  -6.1128438634E-02
 -1.7221000000E+01  -6.0498664300E-02  -6.1116642388E-02
 -1.7121000000E+01  -6.0483506183E-02  -6.1104775327E-02
 -1.7021000000E+01  -6.0468236404E-02  -6.1092836407E-02
 -1.6921000000E+01  -6.0452853099E-02  -6.1080824560E-02
 -1.6821000000E+01  -6.0437354362E-02  -6.1068738694E-02
 -1.6721000000E+01  -6.0421738236E-02  -6.1056577692E-02
 -1.6621000000E+01  -6.0406002717E-02  -6.1044340412E-02
 -1.6521000000E+01  -6.0390145750E-02  -6.1032025689E-02
 -1.6421000000E+01  -6.0374165226E-02  -6.1019632326E-02
 -1.6321000000E+01  -6.0358058984E-02  -6.1007159103E-02
 -1.6221000000E+01  -6.0341824805E-02  -6.0994604768E-02
 -1.6121000000E+01  -6.0325460414E-02  -6.0981968044E-02
 -1.6021000000E+01  -6.0308963475E-02  -6.0969247619E-02
 -1.5921000000E+01  -6.0292331590E-02  -6.0956442153E-02
 -1.5821000000E+01  -6.0275562296E-02  -6.0943550272E-02
 -1.5721000000E+01  -6.0258653065E-02  -6.0930570571E-02
 -1.5621000000E+01  -6.0241601299E-02  -6.0917501609E-02
 -1.5521000000E+01  -6.0224404328E-02  -6.0904341909E-02
 -1.5421000000E+01  -6.0207059410E-02  -6.0891089960E-02
 -1.5321000000E+01  -6.0189563724E-02  -6.0877744211E-02
 -1.5221000000E+01  -6.0171914371E-02  -6.0864303073E-02
 -1.5121000000E+01  -6.0154108369E-02  -6.0850764915E-02
 -1.5021000000E+01  -6.0136142649E-02  -6.0837128068E-02
 -1.4921000000E+01  -6.0118014055E-02  -6.0823390815E-02
 -1.4821000000E+01  -6.0099719336E-02  -6.0809551398E-02
 -1.4721000000E+01  -6.0081255149E-02  -6.0795608011E-02
 -1.4621000000E+01  -6.0062618047E-02  -6.0781558802E-02
 -1.4521000000E+01  -6.0043804481E-02  -6.0767401867E-02
 -1.4421000000E+01  -6.0024810794E-02  -6.0753135252E-02
 -1.4321000000E+01  -6.0005633218E-02  -6.0738756951E-02
 -1.4221000000E+01  -5.9986267865E-02  -6.0724264900E-02
 -1.4121000000E+01  -5.9966710728E-02  -6.0709656980E-02
 -1.4021000000E+01  -5.9946957672E-02  -6.0694931012E-02
 -1.3921000000E+01  -5.9927004430E-02  -6.0680084757E-02
 -1.3821000000E+01  -5.9906846598E-02  -6.0665115910E-02
 -1.3721000000E+01  -5.9886479628E-02  -6.0650022100E-02
 -1.3621000000E+01  -5.9865898822E-02  -6.0634800889E-02
 -1.3521000000E+01  -5.9845099325E-02  -6.0619449766E-02
 -1.3421000000E+01  -5.9824076120E-02  -6.0603966146E-02
 -1.3321000000E+01  -5.9802824018E-02  -6.0588347367E-02
 -1.3221000000E+01  -5.9781337652E-02  -6.0572590686E-02
 -1.3121000000E+01  -5.9759611469E-02  -6.0556693277E-02
 -1.3021000000E+01  -5.9737639720E-02  -6.0540652226E-02
 -1.2921000000E+01  -5.9715416452E-02  -6.0524464529E-02
 -1.2821000000E+01  -5.9692935498E-02  -6.0508127088E-02
 -1.2721000000E+01  -5.9670190468E-02  -6.0491636706E-02
 -1.2621000000E+01  -5.9647174734E-02  -6.0474990082E-02
 -1.2521000000E+01  -5.9623881424E-02  -6.0458183810E-02
 -1.2421000000E+01  -5.9600303405E-02  -6.0441214371E-02
 -1.2321000000E+01  -5.9576433275E-02  -6.0424078129E-02
 -1.2221000000E+01  -5.9552263343E-02  -6.0406771327E-02
 -1.2121000000E+01  -5.9527785620E-02  -6.0389290078E-02
 -1.2021000000E+01  -5.9502991800E-02  -6.0371630365E-02
 -1.1921000000E+01  -5.9477873245E-02  -6.0353788029E-02
 -1.1821000000E+01  -5.9452420966E-02  -6.0335758764E-02
 -1.1721000000E+01  -5.9426625605E-02  -6.0317538115E-02
 -1.1621000000E+01  -5.9400477414E-02  -6.0299121462E-02
 -1.1521000000E+01  -5.9373966235E-02  -6.0280504019E-02
 -1.1421000000E+01  -5.9347081474E-02  -6.0261680824E-02
 -1.1321000000E+01  -5.9319812078E-02  -6.0242646727E-02
 -1.1221000000E+01  -5.9292146510E-02  -6.0223396386E-02
 -1.1121000000E+01  -5.9264072718E-02  -6.0203924253E-02
 -1.1021000000E+01  -5.9235578104E-02  -6.0184224565E-02
 -1.0921000000E+01  -5.9206649494E-02  -6.0164291332E-02
 -1.0821000000E+01  -5.9177273101E-02  -6.0144118325E-02
 -1.0721000000E+01  -5.9147434486E-02  -6.0123699064E-02
 -1.0621000000E+01  -5.9117118518E-02  -6.0103026803E-02
 -1.0521000000E+01  -5.9086309331E-02  -6.0082094516E-02
 -1.0421000000E+01  -5.9054990273E-02  -6.0060894881E-02
 -1.0321000000E+01  -5.9023143858E-02  -6.0039420264E-02
 -1.0221000000E+01  -5.8990751706E-02  -6.0017662697E-02
 -1.0121000000E+01  -5.8957794485E-02  -5.9995613864E-02
 -1.0021000000E+01  -5.8924251844E-02  -5.9973265077E-02
 -9.9210000000E+00  -5.8890102341E-02  -5.9950607252E-02
 -9.8210000000E+00  -5.8855323365E-02  -5.9927630887E-02
 -9.7210000000E+00  -5.8819891052E-02  -5.9904326036E-02
 -9.6210000000E+00  -5.8783780189E-02  -5.9880682279E-02
 -9.5210000000E+00  -5.8746964114E-02  -5.9856688691E-02
 -9.4210000000E+00  -5.8709414607E-02  -5.9832333811E-02
 -9.3210000000E+00  -5.8671101763E-02  -5.9807605603E-02
 -9.2210000000E+00  -5.8631993861E-02  -5.9782491420E-02
 -9.1210000000E+00  -5.8592057215E-02  -5.9756977956E-02
 -9.0210000000E+00  -5.8551256012E-02  -5.9731051208E-02
 -8.9210000000E+00  -5.8509552129E-02  -5.9704696416E-02
 -8.8210000000E+00  -5.8466904938E-02  -5.9677898015E-02
 -8.7210000000E+00  -5.8423271083E-02  -5.9650639569E-02
 -8.6210000000E+00  -5.8378604232E-02  -5.9622903708E-02
 -8.5210000000E+00  -5.8332854808E-02  -5.9594672053E-02
 -8.4210000000E+00  -5.8285969681E-02  -5.9565925138E-02
 -8.3210000000E+00  -5.8237891825E-02  -5.9536642316E-02
 -8.2210000000E+00  -5.8188559940E-02  -5.9506801669E-02
 -8.1210000000E+00  -5.8137908015E-02  -5.9476379891E-02
 -8.0210000000E+00  -5.8085864847E-02  -5.9445352174E-02
 -7.9210000000E+00  -5.8032353489E-02  -5.9413692071E-02
 -7.8210000000E+00  -5.7977290631E-02  -5.9381371346E-02
 -7.7210000000E+00  -5.7920585888E-02  -5.9348359811E-02
 -7.6210000000E+00  -5.7862140994E-02  -5.9314625132E-02
 -7.5210000000E+00  -5.7801848878E-02  -5.9280132625E-02
 -7.4210000000E+00  -5.7739592601E-02  -5.9244845016E-02
 -7.3210000000E+00  -5.7675244131E-02  -5.9208722170E-02
 -7.2210000000E+00  -5.7608662924E-02  -5.9171720792E-02
 -7.1210000000E+00  -5.7539694277E-02  -5.9133794074E-02
 -7.0210000000E+00  -5.7468167403E-02  -5.9094891304E-02
 -6.9210000000E+00  -5.7393893174E-02  -5.9054957408E-02
 -6.8210000000E+00  -5.7316661459E-02  -5.9013932427E-02
 -6.7210000000E+00  -5.7236237971E-02  -5.8971750913E-02
 -6.6210000000E+00  -5.7152360514E-02  -5.8928341219E-02
 -6.5210000000E+00  -5.7064734475E-02  -5.8883624686E-02
 -6.4210000000E+00  -5.6973027401E-02  -5.8837514666E-02
 -6.3210000000E+00  -5.6876862399E-02  -5.8789915391E-02
 -6.2210000000E+00  -5.6775810074E-02  -5.8740720612E-02
 -6.1210000000E+00  -5.6669378584E-02  -5.8689811980E-02
 -6.0210000000E+00  -5.6557001278E-02  -5.8637057096E-02
 -5.9210000000E+00  -5.6438021186E-02  -5.8582307144E-02
 -5.8210000000E+00  -5.6311671361E-02  -5.8525393993E-02
 -5.7210000000E+00  -5.6177049703E-02  -5.8466126619E-02
 -5.6210000000E+00  -5.6033086316E-02  -5.8404286652E-02
 -5.5210000000E+00  -5.5878500641E-02  -5.8339622754E-02
 -5.4210000000E+00  -5.5711744344E-02  -5.8271843451E-02
 -5.3210000000E+00  -5.5530923995E-02  -5.8200607875E-02
 -5.2210000000E+00  -5.5333694513E-02  -5.8125513612E-02
 -5.1210000000E+00  -5.5117109343E-02  -5.8046080500E-02
 -5.0210000000E+00  -5.4877404982E-02  -5.7961728611E-02
 -4.9210000000E+00  -5.4609682958E-02  -5.7871747685E-02
 -4.8210000000E+00  -5.4307426282E-02  -5.7775253633E-02
 -4.7210000000E+00  -5.3961738304E-02  -5.7671124849E-02
 -4.6210000000E+00  -5.3560094628E-02  -5.7557905756E-02
 -4.5210000000E+00  -5.3084194043E-02  -5.7433654698E-02
 -4.4210000000E+00  -5.2506030855E-02  -5.7295692012E-02
 -4.3210000000E+00  -5.1780163179E-02  -5.7140156450E-02
 -4.2210000000E+00  -5.0826972456E-02  -5.6961160549E-02
 -4.1210000000E+00  -4.9491523131E-02  -5.6749006304E-02
 -4.0210000000E+00  -4.7422888554E-02  -5.6485827933E-02
 -3.9210000000E+00  -4.3613464107E-02  -5.6132383566E-02
 -3.8210000000E+00  -3.3760312739E-02  -5.5571356703E-02
 -3.7210000000E+00   3.7254706315E-03  -5.4268413731E-02
 -3.6210000000E+00   4.2878604455E-02  -5.1359877771E-02
 -3.5210000000E+00   4.7386376982E-02  -4.7888737911E-02
 -3.4210000000E+00   4.0287502895E-02  -4.4671142009E-02
 -3.3210000000E+00   2.7865980416E-02  -4.1965504431E-02
 -3.2210000000E+00   1.3003789062E-02  -3.9870284317E-02
 -3.1210000000E+00  -1.8799044755E-03  -3.8379975307E-02
 -3.0210000000E+00  -1.5101771892E-02  -3.7412716581E-02
 -2.9210000000E+00  -2.5706631577E-02  -3.6844570603E-02
 -2.8210000000E+00  -3.3813694492E-02  -3.6543187832E-02
 -2.7210000000E+00  -4.0515091836E-02  -3.6412987019E-02
 -2.6210000000E+00  -4.6487330585E-02  -3.6401911263E-02
 -2.5210000000E+00  -5.1703790739E-02  -3.6475068634E-02
 -2.4210000000E+00  -5.5849883588E-02  -3.6594430931E-02
 -2.3210000000E+00  -5.8821795755E-02  -3.6718005376E-02
 -2.2210000000E+00  -6.0795735694E-02  -3.6809672087E-02
 -2.1210000000E+00  -6.2031181798E-02  -3.6844603798E-02
 -2.0210000000E+00  -6.2746435647E-02  -3.6808093757E-02
 -1.9210000000E+00  -6.3096034045E-02  -3.6692179849E-02
 -1.8210000000E+00  -6.3183665345E-02  -3.6492641490E-02
 -1.7210000000E+00  -6.3078152538E-02  -3.6206879649E-02
 -1.6210000000E+00  -6.2825295448E-02  -3.5832508123E-02
 -1.5210000000E+00  -6.2455678761E-02  -3.5366403690E-02
 -1.4210000000E+00  -6.1989647213E-02  -3.4804014790E-02
 -1.3210000000E+00  -6.1440430649E-02  -3.4138782800E-02
 -1.2210000000E+00  -6.0816066147E-02  -3.3361564234E-02
 -1.1210000000E+00  -6.0120510754E-02  -3.2459956541E-02
 -1.0210000000E+00  -5.9354162856E-02  -3.1417426133E-02
 -9.2100000000E-01  -5.8513879607E-02  -3.0212114278E-02
 -8.2100000000E-01  -5.7592455962E-02  -2.8815149870E-02
 -7.2100000000E-01  -5.6577371656E-02  -2.7188219436E-02
 -6.2100000000E-01  -5.5448331398E-02  -2.5280022467E-02
 -5.2100000000E-01  -5.4172520251E-02  -2.3021069172E-02
 -4.2100000000E-01  -5.2695012056E-02  -2.0316102964E-02
 -3.2100000000E-01  -5.0917617349E-02  -1.7033516511E-02
 -2.2100000000E-01  -4.8645966569E-02  -1.2992587765E-02
 -1.2100000000E-01  -4.5431564007E-02  -7.9536400812E-03
 -2.1000000000E-02  -3.9966478839E-02  -1.5138909756E-03
  7.9000000000E-02  -2.7084105498E-02   6.9708171980E-03
  1.7900000000E-01   5.6360726318E-03   1.8125079867E-02
  2.7900000000E-01   3.1479263931E-02   3.1119225791E-02
  3.7900000000E-01   3.4638857465E-02   4.2768438798E-02
  4.7900000000E-01   2.6887342073E-02   5.0851778993E-02
  5.7900000000E-01   1.4546260731E-02   5.5426980415E-02
  6.7900000000E-01   1.2513869610E-03   5.7664605493E-02
  7.7900000000E-01  -1.0771298516E-02   5.8630935297E-02
  8.7900000000E-01  -2.0403865419E-02   5.8937555929E-02
  9.7900000000E-01  -2.7355846544E-02   5.8867146822E-02
  1.0790000000E+00  -3.2155139032E-02   5.8537355397E-02
  1.1790000000E+00  -3.5523087207E-02   5.7996463364E-02
  1.2790000000E+00  -3.7940535256E-02   5.7269449529E-02
  1.3790000000E+00  -3.9669024252E-02   5.6373146512E-02
  1.4790000000E+00  -4.0849184661E-02   5.5319763660E-02
  1.5790000000E+00  -4.1564112141E-02   5.4118007706E-02
  1.6790000000E+00  -4.1868287749E-02   5.2773938906E-02
  1.7790000000E+00  -4.1795989206E-02   5.1291767215E-02
  1.8790000000E+00  -4.1358757487E-02   4.9674546248E-02
  1.9790000000E+00  -4.0535703061E-02   4.7924762521E-02
  2.0790000000E+00  -3.9255065982E-02   4.6044871693E-02
  2.1790000000E+00  -3.7359849447E-02   4.4037882372E-02
  2.2790000000E+00  -3.4545860771E-02   4.1908129720E-02
  2.3790000000E+00  -3.0283624950E-02   3.9662235829E-02
  2.4790000000E+00  -2.3970943653E-02   3.7308559933E-02
  2.5790000000E+00  -1.6344803923E-02   3.4846342585E-02
  2.6790000000E+00  -1.0916481144E-02   3.2246242462E-02
  2.7790000000E+00  -1.0066774043E-02   2.9477592273E-02
  2.8790000000E+00  -1.2936767960E-02   2.6543255762E-02
  2.9790000000E+00  -1.7616923810E-02   2.3463490724E-02
  3.0790000000E+00  -2.2559673974E-02   2.0256983677E-02
  3.1790000000E+00  -2.6943592532E-02   1.6934758933E-02
  3.2790000000E+00  -3.0579825386E-02   1.3499955151E-02
  3.3790000000E+00  -3.3585364201E-02   9.9630901800E-03
  3.4790000000E+00  -3.6074279189E-02   8.4239395163E-03
  3.5790000000E+00  -3.8104844123E-02   7.3040163373E-03
  3.6790000000E+00  -3.9780104767E-02   6.1826528539E-03
  3.7790000000E+00  -4.1161236892E-02   5.0542434962E-03
  3.8790000000E+00  -4.2282573274E-02   3.9170841298E-03
  3.9790000000E+00  -4.3164338572E-02   2.7691901103E-03
  4.0790000000E+00  -4.3819688296E-02   1.6081279519E-03
  4.1790000000E+00  -4.4257909926E-02   4.3090508095E-04
  4.2790000000E+00  -4.4484881703E-02  -7.6613189269E-04
  4.3790000000E+00  -4.4501449438E-02  -1.9874001674E-03
  4.4790000000E+00  -4.4299881609E-02  -3.2381907381E-03
  4.5790000000E+00  -4.3857729469E-02  -4.5247849679E-03
  4.6790000000E+00  -4.3126858710E-02  -5.8545656269E-03
  4.7790000000E+00  -4.2012032559E-02  -7.2360850754E-03
  4.8790000000E+00  -4.0325046671E-02  -8.6789926436E-03
  4.9790000000E+00  -3.7678546129E-02  -1.0193073209E-02
  5.0790000000E+00  -3.3232669339E-02  -1.1641763149E-02
  5.1790000000E+00  -2.5294132908E-02  -1.2888420435E-02
  5.2790000000E+00  -1.2993407817E-02  -1.3965795945E-02
  5.3790000000E+00  -2.5357773460E-03  -1.4939117511E-02
  5.4790000000E+00   3.3093792007E-04  -1.5876348046E-02
  5.5790000000E+00  -3.0957449948E-03  -1.6792166341E-02
  5.6790000000E+00  -9.7736125576E-03  -1.7679263985E-02
  5.7790000000E+00  -1.7308091769E-02  -1.8530698090E-02
  5.8790000000E+00  -2.4164759337E-02  -1.9343053929E-02
  5.9790000000E+00  -2.9746670405E-02  -2.0117417298E-02
  6.0790000000E+00  -3.4196524494E-02  -2.0859315070E-02
  6.1790000000E+00  -3.7868282637E-02  -2.1575646989E-02
  6.2790000000E+00  -4.1039362456E-02  -2.2272386856E-02
  6.3790000000E+00  -4.3858993420E-02  -2.2954041036E-02
  6.4790000000E+00  -4.6372847743E-02  -2.3623800006E-02
  6.5790000000E+00  -4.8566341028E-02  -2.4283872255E-02
  6.6790000000E+00  -5.0410419079E-02  -2.4935883879E-02
  6.7790000000E+00  -5.1894406377E-02  -2.5581241659E-02
  6.8790000000E+00  -5.3036051483E-02  -2.6221343346E-02
  6.9790000000E+00  -5.3874125258E-02  -2.6857617086E-02
  7.0790000000E+00  -5.4456034255E-02  -2.7491468016E-02
  7.1790000000E+00  -5.4828455668E-02  -2.8124213065E-02
  7.2790000000E+00  -5.5032595968E-02  -2.8757039348E-02
  7.3790000000E+00  -5.5102727389E-02  -2.9390987402E-02
  7.4790000000E+00  -5.5066396379E-02  -3.0026949722E-02
  7.5790000000E+00  -5.4945265452E-02  -3.0665676053E-02
  7.6790000000E+00  -5.4756067656E-02  -3.1307780309E-02
  7.7790000000E+00  -5.4511456411E-02  -3.1953746627E-02
  7.8790000000E+00  -5.4220679038E-02  -3.2603933419E-02
  7.9790000000E+00  -5.3890060584E-02  -3.3258574919E-02
  8.0790000000E+00  -5.3523299580E-02  -3.3917779746E-02
  8.1790000000E+00  -5.3121570026E-02  -3.4581525766E-02
  8.2790000000E+00  -5.2683400942E-02  -3.5249649917E-02
  8.3790000000E+00  -5.2204262714E-02  -3.5921830524E-02
  8.4790000000E+00  -5.1675712813E-02  -3.6597557611E-02
  8.5790000000E+00  -5.1083803941E-02  -3.7276082795E-02
  8.6790000000E+00  -5.0406142354E-02  -3.7956332378E-02
  8.7790000000E+00  -4.9606261487E-02  -3.8636749880E-02
  8.8790000000E+00  -4.8622157927E-02  -3.9314992849E-02
  8.9790000000E+00  -4.7340720503E-02  -3.9987299681E-02
  9.0790000000E+00  -4.5533230980E-02  -4.0647015448E-02
  9.1790000000E+00  -4.2663272726E-02  -4.1280613835E-02
  9.2790000000E+00  -3.7176945433E-02  -4.1854590239E-02
  9.3790000000E+00  -2.3515215062E-02  -4.2262450220E-02
  9.4790000000E+00   5.7028911092E-03  -4.2223616344E-02
  9.5790000000E+00   2.5487703134E-02  -4.1843296309E-02
  9.6790000000E+00   2.6934373917E-02  -4.1731969126E-02
  9.7790000000E+00   1.8739843412E-02  -4.2097129767E-02
  9.8790000000E+00   6.3274511887E-03  -4.2874637123E-02
  9.9790000000E+00  -6.9001307553E-03  -4.3929382340E-02
  1.0079000000E+01  -1.8834884414E-02  -4.5124063302E-02
  1.0179000000E+01  -2.8409153014E-02  -4.6346094613E-02
  1.0279000000E+01  -3.5885942445E-02  -4.7524653937E-02
  1.0379000000E+01  -4.2182220356E-02  -4.8640907980E-02
  1.0479000000E+01  -4.7809226974E-02  -4.9705668106E-02
  1.0579000000E+01  -5.2739894575E-02  -5.0731640711E-02
  1.0679000000E+01  -5.6750422777E-02  -5.1720827052E-02
  1.0779000000E+01  -5.9784526168E-02  -5.2667850188E-02
  1.0879000000E+01  -6.1987024054E-02  -5.3568162441E-02
  1.0979000000E+01  -6.3562402477E-02  -5.4421451997E-02
  1.1079000000E+01  -6.4687096347E-02  -5.5230678031E-02
  1.1179000000E+01  -6.5491596724E-02  -5.6000167403E-02
  1.1279000000E+01  -6.6068022618E-02  -5.6734282689E-02
  1.1379000000E+01  -6.6480921498E-02  -5.7436765811E-02
  1.1479000000E+01  -6.6775806376E-02  -5.8110520148E-02
  1.1579000000E+01  -6.6985117503E-02  -5.8757625129E-02
  1.1679000000E+01  -6.7132253572E-02  -5.9379456632E-02
  1.1779000000E+01  -6.7234286184E-02  -5.9976843665E-02
  1.1879000000E+01  -6.7303798866E-02  -6.0550225510E-02
  1.1979000000E+01  -6.7350146223E-02  -6.1099792187E-02
  1.2079000000E+01  -6.7380327163E-02  -6.1625601237E-02
  1.2179000000E+01  -6.7399599035E-02  -6.2127669265E-02
  1.2279000000E+01  -6.7411915932E-02  -6.2606039542E-02
  1.2379000000E+01  -6.7420246203E-02  -6.3060828362E-02
  1.2479000000E+01  -6.7426805862E-02  -6.3492253499E-02
  1.2579000000E+01  -6.7433232618E-02  -6.3900648198E-02
  1.2679000000E+01  -6.7440717363E-02  -6.4286463984E-02
  1.2779000000E+01  -6.7450104694E-02  -6.4650265257E-02
  1.2879000000E+01  -6.7461970590E-02  -6.4992718235E-02
  1.2979000000E+01  -6.7476682948E-02  -6.5314576371E-02
  1.3079000000E+01  -6.7494449099E-02  -6.5616663955E-02
  1.3179000000E+01  -6.7515353298E-02  -6.5899859193E-02
  1.3279000000E+01  -6.7539386416E-02  -6.6165077748E-02
  1.3379000000E+01  -6.7566469489E-02  -6.6413257383E-02
  1.3479000000E+01  -6.7596472405E-02  -6.6645344140E-02
  1.3579000000E+01  -6.7629228720E-02  -6.6862280279E-02
  1.3679000000E+01  -6.7664547361E-02  -6.7064994055E-02
  1.3779000000E+01  -6.7702221834E-02  -6.7254391311E-02
  1.3879000000E+01  -6.7742037422E-02  -6.7431348791E-02
  1.3979000000E+01  -6.7783776762E-02  -6.7596709019E-02
  1.4079000000E+01  -6.7827224116E-02  -6.7751276578E-02
  1.4179000000E+01  -6.7872168596E-02  -6.7895815615E-02
  1.4279000000E+01  -6.7918406539E-02  -6.8031048373E-02
  1.4379000000E+01  -6.7965743217E-02  -6.8157654598E-02
  1.4479000000E+01  -6.8013994000E-02  -6.8276271652E-02
  1.4579000000E+01  -6.8062985102E-02  -6.8387495188E-02
  1.4679000000E+01  -6.8112553987E-02  -6.8491880267E-02
  1.4779000000E+01  -6.8162549517E-02  -6.8589942809E-02
  1.4879000000E+01  -6.8212831894E-02  -6.8682161280E-02
  1.4979000000E+01  -6.8263272451E-02  -6.8768978541E-02
  1.5079000000E+01  -6.8313753331E-02  -6.8850803798E-02
  1.5179000000E+01  -6.8364167075E-02  -6.8928014600E-02
  1.5279000000E+01  -6.8414416162E-02  -6.9000958843E-02
  1.5379000000E+01  -6.8464412499E-02  -6.9069956747E-02
  1.5479000000E+01  -6.8514076896E-02  -6.9135302787E-02
  1.5579000000E+01  -6.8563338529E-02  -6.9197267555E-02
  1.5679000000E+01  -6.8612134398E-02  -6.9256099539E-02
  1.5779000000E+01  -6.8660408800E-02  -6.9312026820E-02
  1.5879000000E+01  -6.8708112807E-02  -6.9365258666E-02
  1.5979000000E+01  -6.8755203761E-02  -6.9415987037E-02
  1.6079000000E+01  -6.8801644794E-02  -6.9464387991E-02
  1.6179000000E+01  -6.8847404366E-02  -6.9510622991E-02
  1.6279000000E+01  -6.8892455823E-02  -6.9554840126E-02
  1.6379000000E+01  -6.8936776986E-02  -6.9597175233E-02
  1.6479000000E+01  -6.8980349758E-02  -6.9637752942E-02
  1.6579000000E+01  -6.9023159759E-02  -6.9676687638E-02
  1.6679000000E+01  -6.9065195981E-02  -6.9714084339E-02
  1.6779000000E+01  -6.9106450470E-02  -6.9750039513E-02
  1.6879000000E+01  -6.9146918026E-02  -6.9784641819E-02
  1.6979000000E+01  -6.9186595932E-02  -6.9817972792E-02
  1.7079000000E+01  -6.9225483691E-02  -6.9850107466E-02
  1.7179000000E+01  -6.9263582797E-02  -6.9881114944E-02
  1.7279000000E+01  -6.9300896514E-02  -6.9911058919E-02
  1.7379000000E+01  -6.9337429675E-02  -6.9939998148E-02
  1.7479000000E+01  -6.9373188503E-02  -6.9967986889E-02
  1.7579000000E+01  -6.9408180437E-02  -6.9995075293E-02
  1.7679000000E+01  -6.9442413985E-02  -7.0021309765E-02
  1.7779000000E+01  -6.9475898578E-02  -7.0046733288E-02
  1.7879000000E+01  -6.9508644445E-02  -7.0071385726E-02
  1.7979000000E+01  -6.9540662497E-02  -7.0095304092E-02
  1.8079000000E+01  -6.9571964220E-02  -7.0118522795E-02
  1.8179000000E+01  -6.9602561582E-02  -7.0141073862E-02
  1.8279000000E+01  -6.9632466947E-02  -7.0162987145E-02
  1.8379000000E+01  -6.9661692995E-02  -7.0184290505E-02
  1.8479000000E+01  -6.9690252653E-02  -7.0205009977E-02
  1.8579000000E+01  -6.9718159032E-02  -7.0225169927E-02
  1.8679000000E+01  -6.9745425376E-02  -7.0244793190E-02
  1.8779000000E+01  -6.9772065001E-02  -7.0263901192E-02
  1.8879000000E+01  -6.9798091263E-02  -7.0282514071E-02
  1.8979000000E+01  -6.9823517509E-02  -7.0300650777E-02
  1.9079000000E+01  -6.9848357045E-02  -7.0318329168E-02
  1.9179000000E+01  -6.9872623109E-02  -7.0335566095E-02
  1.9279000000E+01  -6.9896328836E-02  -7.0352377484E-02
  1.9379000000E+01  -6.9919487242E-02  -7.0368778401E-02
  1.9479000000E+01  -6.9942111199E-02  -7.0384783125E-02
  1.9579000000E+01  -6.9964213418E-02  -7.0400405199E-02
  1.9679000000E+01  -6.9985806436E-02  -7.0415657489E-02
  1.9779000000E+01  -7.0006902600E-02  -7.0430552232E-02
  1.9879000000E+01  -7.0027514058E-02  -7.0445101080E-02
  1.9979000000E+01  -7.0047652750E-02  -7.0459315140E-02
  2.0079000000E+01  -7.0067330399E-02  -7.0473205015E-02
  2.0179000000E+01  -7.0086558509E-02  -7.0486780832E-02
  2.0279000000E+01  -7.0105348355E-02  -7.0500052281E-02
  2.0379000000E+01  -7.0123710983E-02  -7.0513028635E-02
  2.0479000000E+01  -7.0141657210E-02  -7.0525718782E-02
  2.0579000000E+01  -7.0159197616E-02  -7.0538131248E-02
  2.0679000000E+01  -7.0176342550E-02  -7.0550274217E-02
  2.0779000000E+01  -7.0193102126E-02  -7.0562155551E-02
  2.0879000000E+01  -7.0209486226E-02  -7.0573782813E-02
  2.0979000000E+01  -7.0225504502E-02  -7.0585163278E-02
  2.1079000000E+01  -7.0241166373E-02  -7.0596303953E-02
  2.1179000000E+01  -7.0256481034E-02  -7.0607211588E-02
  2.1279000000E+01  -7.0271457456E-02  -7.0617892696E-02
  2.1379000000E+01  -7.0286104385E-02  -7.0628353556E-02
  2.1479000000E+01  -7.0300430351E-02  -7.0638600232E-02
  2.1579000000E+01  -7.0314443671E-02  -7.0648638580E-02
  2.1679000000E+01  -7.0328152446E-02  -7.0658474259E-02
  2.1779000000E+01  -7.0341564574E-02  -7.0668112741E-02
  2.1879000000E+01  -7.0354687747E-02  -7.0677559318E-02
  2.1979000000E+01  -7.0367529459E-02  -7.0686819109E-02
  2.2079000000E+01  -7.0380097007E-02  -7.0695897073E-02
  2.2179000000E+01  -7.0392397499E-02  -7.0704798009E-02
  2.2279000000E+01  -7.0404437852E-02  -7.0713526566E-02
  2.2379000000E+01  -7.0416224804E-02  -7.0722087249E-02
  2.2479000000E+01  -7.0427764911E-02  -7.0730484425E-02
  2.2579000000E+01  -7.0439064558E-02  -7.0738722328E-02
  2.2679000000E+01  -7.0450129955E-02  -7.0746805064E-02
  2.2779000000E+01  -7.0460967149E-02  -7.0754736615E-02
  2.2879000000E+01  -7.0471582024E-02  -7.0762520845E-02
  2.2979000000E+01  -7.0481980303E-02  -7.0770161505E-02
  2.3079000000E+01  -7.0492167559E-02  -7.0777662233E-02
  2.3179000000E+01  -7.0502149211E-02  -7.0785026565E-02
  2.3279000000E+01  -7.0511930532E-02  -7.0792257930E-02
  2.3379000000E+01  -7.0521516654E-02  -7.0799359661E-02
  2.3479000000E+01  -7.0530912568E-02  -7.0806334994E-02
  2.3579000000E+01  -7.0540123131E-02  -7.0813187073E-02
  2.3679000000E+01  -7.0549153065E-02  -7.0819918953E-02
  2.3779000000E+01  -7.0558006967E-02  -7.0826533600E-02
  2.3879000000E+01  -7.0566689308E-02  -7.0833033900E-02
  2.3979000000E+01  -7.0575204436E-02  -7.0839422655E-02
  2.4079000000E+01  -7.0583556581E-02  -7.0845702589E-02
  2.4179000000E+01  -7.0591749860E-02  -7.0851876352E-02
  2.4279000000E+01  -7.0599788276E-02  -7.0857946517E-02
  2.4379000000E+01  -7.0607675721E-02  -7.0863915588E-02
  2.4479000000E+01  -7.0615415985E-02  -7.0869785999E-02
  2.4579000000E+01  -7.0623012753E-02  -7.0875560116E-02
  2.4679000000E+01  -7.0630469608E-02  -7.0881240241E-02
  2.4779000000E+01  -7.0637790037E-02  -7.0886828613E-02
  2.4879000000E+01  -7.0644977432E-02  -7.0892327408E-02
  2.4979000000E+01  -7.0652035092E-02  -7.0897738743E-02
