 -2.4946000000E+01  -6.3435955061E-02  -6.3558292217E-02
 -2.4846000000E+01  -6.3423555124E-02  -6.3546284708E-02
 -2.4746000000E+01  -6.3411102205E-02  -6.3534228973E-02
 -2.4646000000E+01  -6.3398595825E-02  -6.3522124603E-02
 -2.4546000000E+01  -6.3386035499E-02  -6.3509971184E-02
 -2.4446000000E+01  -6.3373420734E-02  -6.3497768297E-02
 -2.4346000000E+01  -6.3360751032E-02  -6.3485515518E-02
 -2.4246000000E+01  -6.3348025887E-02  -6.3473212416E-02
 -2.4146000000E+01  -6.3335244786E-02  -6.3460858557E-02
 -2.4046000000E+01  -6.3322407209E-02  -6.3448453499E-02
 -2.3946000000E+01  -6.3309512630E-02  -6.3435996794E-02
 -2.3846000000E+01  -6.3296560512E-02  -6.3423487991E-02
 -2.3746000000E+01  -6.3283550315E-02  -6.3410926631E-02
 -2.3646000000E+01  -6.3270481488E-02  -6.3398312249E-02
 -2.3546000000E+01  -6.3257353474E-02  -6.3385644374E-02
 -2.3446000000E+01  -6.3244165708E-02  -6.3372922528E-02
 -2.3346000000E+01  -6.3230917614E-02  -6.3360146229E-02
 -2.3246000000E+01  -6.3217608612E-02  -6.3347314986E-02
 -2.3146000000E+01  -6.3204238111E-02  -6.3334428303E-02
 -2.3046000000E+01  -6.3190805511E-02  -6.3321485675E-02
 -2.2946000000E+01  -6.3177310204E-02  -6.3308486594E-02
 -2.2846000000E+01  -6.3163751574E-02  -6.3295430540E-02
 -2.2746000000E+01  -6.3150128995E-02  -6.3282316991E-02
 -2.2646000000E+01  -6.3136441830E-02  -6.3269145415E-02
 -2.2546000000E+01  -6.3122689436E-02  -6.3255915272E-02
 -2.2446000000E+01  -6.3108871158E-02  -6.3242626016E-02
 -2.2346000000E+01  -6.3094986330E-02  -6.3229277093E-02
 -2.2246000000E+01  -6.3081034279E-02  -6.3215867941E-02
 -2.2146000000E+01  -6.3067014319E-02  -6.3202397989E-02
 -2.2046000000E+01  -6.3052925755E-02  -6.3188866661E-02
 -2.1946000000E+01  -6.3038767881E-02  -6.3175273370E-02
 -2.1846000000E+01  -6.3024539979E-02  -6.3161617520E-02
 -2.1746000000E+01  -6.3010241322E-02  -6.3147898510E-02
 -2.1646000000E+01  -6.2995871169E-02  -6.3134115726E-02
 -2.1546000000E+01  -6.2981428770E-02  -6.3120268548E-02
 -2.1446000000E+01  -6.2966913360E-02  -6.3106356347E-02
 -2.1346000000E+01  -6.2952324164E-02  -6.3092378482E-02
 -2.1246000000E+01  -6.2937660395E-02  -6.3078334306E-02
 -2.1146000000E+01  -6.2922921251E-02  -6.3064223159E-02
 -2.1046000000E+01  -6.2908105920E-02  -6.3050044375E-02
 -2.0946000000E+01  -6.2893213574E-02  -6.3035797274E-02
 -2.0846000000E+01  -6.2878243373E-02  -6.3021481169E-02
 -2.0746000000E+01  -6.2863194463E-02  -6.3007095361E-02
 -2.0646000000E+01  -6.2848065975E-02  -6.2992639140E-02
 -2.0546000000E+01  -6.2832857027E-02  -6.2978111787E-02
 -2.0446000000E+01  -6.2817566721E-02  -6.2963512569E-02
 -2.0346000000E+01  -6.2802194145E-02  -6.2948840745E-02
 -2.0246000000E+01  -6.2786738369E-02  -6.2934095560E-02
 -2.0146000000E+01  -6.2771198452E-02  -6.2919276249E-02
 -2.0046000000E+01  -6.2755573431E-02  -6.2904382033E-02
 -1.9946000000E+01  -6.2739862331E-02  -6.2889412123E-02
 -1.9846000000E+01  -6.2724064158E-02  -6.2874365715E-02
 -1.9746000000E+01  -6.2708177901E-02  -6.2859241994E-02
 -1.9646000000E+01  -6.2692202532E-02  -6.2844040131E-02
 -1.9546000000E+01  -6.2676137004E-02  -6.2828759285E-02
 -1.9446000000E+01  -6.2659980250E-02  -6.2813398600E-02
 -1.9346000000E+01  -6.2643731188E-02  -6.2797957206E-02
 -1.9246000000E+01  -6.2627388714E-02  -6.2782434219E-02
 -1.9146000000E+01  -6.2610951702E-02  -6.2766828742E-02
 -1.9046000000E+01  -6.2594419010E-02  -6.2751139860E-02
 -1.8946000000E+01  -6.2577789472E-02  -6.2735366645E-02
 -1.8846000000E+01  -6.2561061902E-02  -6.2719508153E-02
 -1.8746000000E+01  -6.2544235091E-02  -6.2703563425E-02
 -1.8646000000E+01  -6.2527307807E-02  -6.2687531483E-02
 -1.8546000000E+01  -6.2510278798E-02  -6.2671411335E-02
 -1.8446000000E+01  -6.2493146784E-02  -6.2655201972E-02
 -1.8346000000E+01  -6.2475910464E-02  -6.2638902364E-02
 -1.8246000000E+01  -6.2458568511E-02  -6.2622511468E-02
 -1.8146000000E+01  -6.2441119571E-02  -6.2606028220E-02
 -1.8046000000E+01  -6.2423562268E-02  -6.2589451538E-02
 -1.7946000000E+01  -6.2405895194E-02  -6.2572780320E-02
 -1.7846000000E+01  -6.2388116916E-02  -6.2556013446E-02
 -1.7746000000E+01  -6.2370225974E-02  -6.2539149774E-02
 -1.7646000000E+01  -6.2352220876E-02  -6.2522188144E-02
 -1.7546000000E+01  -6.2334100102E-02  -6.2505127373E-02
 -1.7446000000E+01  -6.2315862100E-02  -6.2487966256E-02
 -1.7346000000E+01  -6.2297505288E-02  -6.2470703569E-02
 -1.7246000000E+01  -6.2279028051E-02  -6.2453338062E-02
 -1.7146000000E+01  -6.2260428741E-02  -6.2435868463E-02
 -1.7046000000E+01  -6.2241705676E-02  -6.2418293477E-02
 -1.6946000000E+01  -6.2222857136E-02  -6.2400611784E-02
 -1.6846000000E+01  -6.2203881370E-02  -6.2382822039E-02
 -1.6746000000E+01  -6.2184776586E-02  -6.2364922872E-02
 -1.6646000000E+01  -6.2165540955E-02  -6.2346912885E-02
 -1.6546000000E+01  -6.2146172609E-02  -6.2328790655E-02
 -1.6446000000E+01  -6.2126669638E-02  -6.2310554731E-02
 -1.6346000000E+01  -6.2107030093E-02  -6.2292203633E-02
 -1.6246000000E+01  -6.2087251980E-02  -6.2273735852E-02
 -1.6146000000E+01  -6.2067333262E-02  -6.2255149849E-02
 -1.6046000000E+01  -6.2047271856E-02  -6.2236444054E-02
 -1.5946000000E+01  -6.2027065632E-02  -6.2217616867E-02
 -1.5846000000E+01  -6.2006712412E-02  -6.2198666655E-02
 -1.5746000000E+01  -6.1986209969E-02  -6.2179591750E-02
 -1.5646000000E+01  -6.1965556024E-02  -6.2160390451E-02
 -1.5546000000E+01  -6.1944748244E-02  -6.2141061023E-02
 -1.5446000000E+01  -6.1923784245E-02  -6.2121601694E-02
 -1.5346000000E+01  -6.1902661583E-02  -6.2102010654E-02
 -1.5246000000E+01  -6.1881377758E-02  -6.2082286055E-02
 -1.5146000000E+01  -6.1859930210E-02  -6.2062426012E-02
 -1.5046000000E+01  -6.1838316317E-02  -6.2042428596E-02
 -1.4946000000E+01  -6.1816533392E-02  -6.2022291839E-02
 -1.4846000000E+01  -6.1794578685E-02  -6.2002013729E-02
 -1.4746000000E+01  -6.1772449375E-02  -6.1981592211E-02
 -1.4646000000E+01  -6.1750142572E-02  -6.1961025183E-02
 -1.4546000000E+01  -6.1727655312E-02  -6.1940310498E-02
 -1.4446000000E+01  -6.1704984559E-02  -6.1919445959E-02
 -1.4346000000E+01  -6.1682127195E-02  -6.1898429321E-02
 -1.4246000000E+01  -6.1659080023E-02  -6.1877258288E-02
 -1.4146000000E+01  -6.1635839765E-02  -6.1855930510E-02
 -1.4046000000E+01  -6.1612403054E-02  -6.1834443582E-02
 -1.3946000000E+01  -6.1588766434E-02  -6.1812795046E-02
 -1.3846000000E+01  -6.1564926358E-02  -6.1790982383E-02
 -1.3746000000E+01  -6.1540879180E-02  -6.1769003016E-02
 -1.3646000000E+01  -6.1516621159E-02  -6.1746854305E-02
 -1.3546000000E+01  -6.1492148447E-02  -6.1724533548E-02
 -1.3446000000E+01  -6.1467457092E-02  -6.1702037976E-02
 -1.3346000000E+01  -6.1442543028E-02  -6.1679364754E-02
 -1.3246000000E+01  -6.1417402077E-02  -6.1656510974E-02
 -1.3146000000E+01  -6.1392029939E-02  -6.1633473657E-02
 -1.3046000000E+01  -6.1366422191E-02  -6.1610249750E-02
 -1.2946000000E+01  -6.1340574281E-02  -6.1586836120E-02
 -1.2846000000E+01  -6.1314481522E-02  -6.1563229555E-02
 -1.2746000000E+01  -6.1288139088E-02  -6.1539426762E-02
 -1.2646000000E+01  -6.1261542009E-02  -6.1515424358E-02
 -1.2546000000E+01  -6.1234685161E-02  -6.1491218873E-02
 -1.2446000000E+01  -6.1207563265E-02  -6.1466806746E-02
 -1.2346000000E+01  -6.1180170878E-02  -6.1442184319E-02
 -1.2246000000E+01  -6.1152502385E-02  -6.1417347834E-02
 -1.2146000000E+01  -6.1124551994E-02  -6.1392293432E-02
 -1.2046000000E+01  -6.1096313728E-02  -6.1367017147E-02
 -1.1946000000E+01  -6.1067781414E-02  -6.1341514900E-02
 -1.1846000000E+01  -6.1038948679E-02  -6.1315782502E-02
 -1.1746000000E+01  -6.1009808938E-02  -6.1289815639E-02
 -1.1646000000E+01  -6.0980355385E-02  -6.1263609878E-02
 -1.1546000000E+01  -6.0950580983E-02  -6.1237160655E-02
 -1.1446000000E+01  -6.0920478455E-02  -6.1210463271E-02
 -1.1346000000E+01  -6.0890040269E-02  -6.1183512889E-02
 -1.1246000000E+01  -6.0859258631E-02  -6.1156304527E-02
 -1.1146000000E+01  -6.0828125468E-02  -6.1128833053E-02
 -1.1046000000E+01  -6.0796632418E-02  -6.1101093175E-02
 -1.0946000000E+01  -6.0764770813E-02  -6.1073079440E-02
 -1.0846000000E+01  -6.0732531666E-02  -6.1044786222E-02
 -1.0746000000E+01  -6.0699905654E-02  -6.1016207719E-02
 -1.0646000000E+01  -6.0666883101E-02  -6.0987337942E-02
 -1.0546000000E+01  -6.0633453960E-02  -6.0958170707E-02
 -1.0446000000E+01  -6.0599607795E-02  -6.0928699628E-02
 -1.0346000000E+01  -6.0565333757E-02  -6.0898918109E-02
 -1.0246000000E+01  -6.0530620566E-02  -6.0868819330E-02
 -1.0146000000E+01  -6.0495456485E-02  -6.0838396239E-02
 -1.0046000000E+01  -6.0459829296E-02  -6.0807641544E-02
 -9.9460000000E+00  -6.0423726271E-02  -6.0776547696E-02
 -9.8460000000E+00  -6.0387134149E-02  -6.0745106880E-02
 -9.7460000000E+00  -6.0350039097E-02  -6.0713311005E-02
 -9.6460000000E+00  -6.0312426684E-02  -6.0681151681E-02
 -9.5460000000E+00  -6.0274281842E-02  -6.0648620216E-02
 -9.4460000000E+00  -6.0235588829E-02  -6.0615707590E-02
 -9.3460000000E+00  -6.0196331187E-02  -6.0582404447E-02
 -9.2460000000E+00  -6.0156491700E-02  -6.0548701069E-02
 -9.1460000000E+00  -6.0116052344E-02  -6.0514587364E-02
 -9.0460000000E+00  -6.0074994235E-02  -6.0480052842E-02
 -8.9460000000E+00  -6.0033297577E-02  -6.0445086595E-02
 -8.8460000000E+00  -5.9990941600E-02  -6.0409677272E-02
 -8.7460000000E+00  -5.9947904491E-02  -6.0373813057E-02
 -8.6460000000E+00  -5.9904163329E-02  -6.0337481638E-02
 -8.5460000000E+00  -5.9859694007E-02  -6.0300670184E-02
 -8.4460000000E+00  -5.9814471143E-02  -6.0263365310E-02
 -8.3460000000E+00  -5.9768467998E-02  -6.0225553044E-02
 -8.2460000000E+00  -5.9721656366E-02  -6.0187218794E-02
 -8.1460000000E+00  -5.9674006475E-02  -6.0148347307E-02
 -8.0460000000E+00  -5.9625486861E-02  -6.0108922629E-02
 -7.9460000000E+00  -5.9576064241E-02  -6.0068928059E-02
 -7.8460000000E+00  -5.9525703368E-02  -6.0028346098E-02
 -7.7460000000E+00  -5.9474366877E-02  -5.9987158403E-02
 -7.6460000000E+00  -5.9422015105E-02  -5.9945345720E-02
 -7.5460000000E+00  -5.9368605906E-02  -5.9902887830E-02
 -7.4460000000E+00  -5.9314094432E-02  -5.9859763474E-02
 -7.3460000000E+00  -5.9258432904E-02  -5.9815950283E-02
 -7.2460000000E+00  -5.9201570348E-02  -5.9771424693E-02
 -7.1460000000E+00  -5.9143452301E-02  -5.9726161859E-02
 -7.0460000000E+00  -5.9084020491E-02  -5.9680135554E-02
 -6.9460000000E+00  -5.9023212472E-02  -5.9633318063E-02
 -6.8460000000E+00  -5.8960961216E-02  -5.9585680061E-02
 -6.7460000000E+00  -5.8897194654E-02  -5.9537190486E-02
 -6.6460000000E+00  -5.8831835163E-02  -5.9487816389E-02
 -6.5460000000E+00  -5.8764798978E-02  -5.9437522775E-02
 -6.4460000000E+00  -5.8695995534E-02  -5.9386272421E-02
 -6.3460000000E+00  -5.8625326707E-02  -5.9334025681E-02
 -6.2460000000E+00  -5.8552685964E-02  -5.9280740252E-02
 -6.1460000000E+00  -5.8477957368E-02  -5.9226370933E-02
 -6.0460000000E+00  -5.8401014454E-02  -5.9170869334E-02
 -5.9460000000E+00  -5.8321718922E-02  -5.9114183562E-02
 -5.8460000000E+00  -5.8239919126E-02  -5.9056257856E-02
 -5.7460000000E+00  -5.8155448313E-02  -5.8997032177E-02
 -5.6460000000E+00  -5.8068122573E-02  -5.8936441743E-02
 -5.5460000000E+00  -5.7977738420E-02  -5.8874416488E-02
 -5.4460000000E+00  -5.7884069956E-02  -5.8810880447E-02
 -5.3460000000E+00  -5.7786865482E-02  -5.8745751045E-02
 -5.2460000000E+00  -5.7685843480E-02  -5.8678938271E-02
 -5.1460000000E+00  -5.7580687773E-02  -5.8610343715E-02
 -5.0460000000E+00  -5.7471041681E-02  -5.8539859437E-02
 -4.9460000000E+00  -5.7356500917E-02  -5.8467366638E-02
 -4.8460000000E+00  -5.7236604871E-02  -5.8392734078E-02
 -4.7460000000E+00  -5.7110825842E-02  -5.8315816192E-02
 -4.6460000000E+00  -5.6978555616E-02  -5.8236450816E-02
 -4.5460000000E+00  -5.6839088576E-02  -5.8154456438E-02
 -4.4460000000E+00  -5.6691600221E-02  -5.8069628831E-02
 -4.3460000000E+00  -5.6535119552E-02  -5.7981736895E-02
 -4.2460000000E+00  -5.6368493125E-02  -5.7890517477E-02
 -4.1460000000E+00  -5.6190337615E-02  -5.7795668837E-02
 -4.0460000000E+00  -5.5998976286E-02  -5.7696842304E-02
 -3.9460000000E+00  -5.5792352464E-02  -5.7593631473E-02
 -3.8460000000E+00  -5.5567909483E-02  -5.7485558009E-02
 -3.7460000000E+00  -5.5322420581E-02  -5.7372052647E-02
 -3.6460000000E+00  -5.5051742060E-02  -5.7252429277E-02
 -3.5460000000E+00  -5.4750445226E-02  -5.7125848785E-02
 -3.4460000000E+00  -5.4411250002E-02  -5.6991267256E-02
 -3.3460000000E+00  -5.4024120701E-02  -5.6847359507E-02
 -3.2460000000E+00  -5.3574758085E-02  -5.6692402048E-02
 -3.1460000000E+00  -5.3041949093E-02  -5.6524086017E-02
 -3.0460000000E+00  -5.2392598690E-02  -5.6339201880E-02
 -2.9460000000E+00  -5.1571629877E-02  -5.6133071288E-02
 -2.8460000000E+00  -5.0479171841E-02  -5.5898430917E-02
 -2.7460000000E+00  -4.8911158728E-02  -5.5622968339E-02
 -2.6460000000E+00  -4.6369808042E-02  -5.5282897763E-02
 -2.5460000000E+00  -4.1239273873E-02  -5.4821331922E-02
 -2.4460000000E+00  -2.5241822794E-02  -5.4038716371E-02
 -2.3460000000E+00   2.3346046904E-02  -5.2090915003E-02
 -2.2460000000E+00   4.6891798811E-02  -4.8701161920E-02
 -2.1460000000E+00   4.5727450950E-02  -4.5119506783E-02
 -2.0460000000E+00   3.6313074470E-02  -4.1872206057E-02
 -1.9460000000E+00   2.2711297673E-02  -3.9146655440E-02
 -1.8460000000E+00   7.6133051890E-03  -3.7003761172E-02
 -1.7460000000E+00  -6.7877355656E-03  -3.5407415619E-02
 -1.6460000000E+00  -1.9100148153E-02  -3.4255061201E-02
 -1.5460000000E+00  -2.8653322157E-02  -3.3410210557E-02
 -1.4460000000E+00  -3.6032683903E-02  -3.2740910867E-02
 -1.3460000000E+00  -4.2283525485E-02  -3.2157516784E-02
 -1.2460000000E+00  -4.7831659293E-02  -3.1603623169E-02
 -1.1460000000E+00  -5.2523287855E-02  -3.1029824121E-02
 -1.0460000000E+00  -5.6093935699E-02  -3.0379343238E-02
 -9.4600000000E-01  -5.8533040513E-02  -2.9590519990E-02
 -8.4600000000E-01  -6.0041579804E-02  -2.8603913076E-02
 -7.4600000000E-01  -6.0854413749E-02  -2.7362865915E-02
 -6.4600000000E-01  -6.1155071351E-02  -2.5807874009E-02
 -5.4600000000E-01  -6.1066417002E-02  -2.3867998937E-02
 -4.4600000000E-01  -6.0663192219E-02  -2.1450148422E-02
 -3.4600000000E-01  -5.9984283195E-02  -1.8425161867E-02
 -2.4600000000E-01  -5.9040056875E-02  -1.4609440478E-02
 -1.4600000000E-01  -5.7814695753E-02  -9.7446490559E-03
 -4.6000000000E-02  -5.6263518230E-02  -3.4565992428E-03
  5.4000000000E-02  -5.4299880255E-02   4.8258034195E-03
  1.5400000000E-01  -5.1775845462E-02   1.5560182845E-02
  2.5400000000E-01  -4.8459693324E-02   2.8242498926E-02
  3.5400000000E-01  -4.3915415114E-02   4.0717179689E-02
  4.5400000000E-01  -3.6757647027E-02   5.0515715041E-02
  5.5400000000E-01  -2.1594746490E-02   5.6898723335E-02
  6.5400000000E-01   6.4324879159E-03   6.0784366280E-02
  7.5400000000E-01   2.3578064689E-02   6.3013406243E-02
  8.5400000000E-01   2.3768757236E-02   6.3966842382E-02
  9.5400000000E-01   1.5305948045E-02   6.4127474946E-02
  1.0540000000E+00   3.6505030529E-03   6.3853048906E-02
  1.1540000000E+00  -7.9736353029E-03   6.3334134852E-02
  1.2540000000E+00  -1.7844455008E-02   6.2662087298E-02
  1.3540000000E+00  -2.5262839802E-02   6.1877768750E-02
  1.4540000000E+00  -3.0433075746E-02   6.0994324209E-02
  1.5540000000E+00  -3.4006926516E-02   6.0009450752E-02
  1.6540000000E+00  -3.6517366578E-02   5.8917651028E-02
  1.7540000000E+00  -3.8280835201E-02   5.7715228453E-02
  1.8540000000E+00  -3.9471620602E-02   5.6400169336E-02
  1.9540000000E+00  -4.0188604463E-02   5.4971224298E-02
  2.0540000000E+00  -4.0490400212E-02   5.3427400291E-02
  2.1540000000E+00  -4.0408402776E-02   5.1767834390E-02
  2.2540000000E+00  -3.9947012117E-02   4.9991871695E-02
  2.3540000000E+00  -3.9075118691E-02   4.8099245871E-02
  2.4540000000E+00  -3.7708061534E-02   4.6090340746E-02
  2.5540000000E+00  -3.5675608383E-02   4.3966566543E-02
  2.6540000000E+00  -3.2675578721E-02   4.1730873286E-02
  2.7540000000E+00  -2.8268952634E-02   3.9388022546E-02
  2.8540000000E+00  -2.2255155812E-02   3.6942012085E-02
  2.9540000000E+00  -1.5992257240E-02   3.4384394870E-02
  3.0540000000E+00  -1.2365964087E-02   3.1687584421E-02
  3.1540000000E+00  -1.2566365936E-02   2.8833342606E-02
  3.2540000000E+00  -1.5569423986E-02   2.5828438509E-02
  3.3540000000E+00  -1.9805933236E-02   2.2689532468E-02
  3.4540000000E+00  -2.4095663155E-02   1.9430590330E-02
  3.5540000000E+00  -2.7873425284E-02   1.6058875650E-02
  3.6540000000E+00  -3.1038840879E-02   1.2575288095E-02
  3.7540000000E+00  -3.3677373648E-02   9.9403690798E-03
  3.8540000000E+00  -3.5813126011E-02   8.7924259345E-03
  3.9540000000E+00  -3.7537673807E-02   7.6779748519E-03
  4.0540000000E+00  -3.8931127235E-02   6.5595354203E-03
  4.1540000000E+00  -4.0040518196E-02   5.4353564815E-03
  4.2540000000E+00  -4.0892669307E-02   4.3038668508E-03
  4.3540000000E+00  -4.1501681927E-02   3.1632045692E-03
  4.4540000000E+00  -4.1872306981E-02   2.0111169349E-03
  4.5540000000E+00  -4.2000073352E-02   8.4488050630E-04
  4.6540000000E+00  -4.1868247387E-02  -3.3876671077E-04
  4.7540000000E+00  -4.1440660398E-02  -1.5436779384E-03
  4.8540000000E+00  -4.0647516872E-02  -2.7743186822E-03
  4.9540000000E+00  -3.9357184001E-02  -4.0357110756E-03
  5.0540000000E+00  -3.7318068628E-02  -5.3331936857E-03
  5.1540000000E+00  -3.4040298370E-02  -6.6717740849E-03
  5.2540000000E+00  -2.8621240474E-02  -8.0549251664E-03
  5.3540000000E+00  -2.0127284866E-02  -9.4857069176E-03
  5.4540000000E+00  -1.0702067574E-02  -1.0945535097E-02
  5.5540000000E+00  -5.6173976627E-03  -1.2271689539E-02
  5.6540000000E+00  -6.2549281267E-03  -1.3478593635E-02
  5.7540000000E+00  -1.0696488869E-02  -1.4592296589E-02
  5.8540000000E+00  -1.6721114122E-02  -1.5624462647E-02
  5.9540000000E+00  -2.2711054601E-02  -1.6583484043E-02
  6.0540000000E+00  -2.7846060434E-02  -1.7477991197E-02
  6.1540000000E+00  -3.2017164697E-02  -1.8318071963E-02
  6.2540000000E+00  -3.5434547814E-02  -1.9113920492E-02
  6.3540000000E+00  -3.8332684857E-02  -1.9874318457E-02
  6.4540000000E+00  -4.0876479429E-02  -2.0606267974E-02
  6.5540000000E+00  -4.3156497324E-02  -2.1315212584E-02
  6.6540000000E+00  -4.5206394085E-02  -2.2005362711E-02
  6.7540000000E+00  -4.7024296465E-02  -2.2679994993E-02
  6.8540000000E+00  -4.8594382130E-02  -2.3341722624E-02
  6.9540000000E+00  -4.9904604938E-02  -2.3992730962E-02
  7.0540000000E+00  -5.0956221466E-02  -2.4634950791E-02
  7.1540000000E+00  -5.1764583601E-02  -2.5270153051E-02
  7.2540000000E+00  -5.2354668784E-02  -2.5899979695E-02
  7.3540000000E+00  -5.2755497884E-02  -2.6525941569E-02
  7.4540000000E+00  -5.2995821795E-02  -2.7149408424E-02
  7.5540000000E+00  -5.3101603140E-02  -2.7771602575E-02
  7.6540000000E+00  -5.3094901326E-02  -2.8393598049E-02
  7.7540000000E+00  -5.2993591911E-02  -2.9016323071E-02
  7.8540000000E+00  -5.2811473232E-02  -2.9640563256E-02
  7.9540000000E+00  -5.2558473689E-02  -3.0266963307E-02
  8.0540000000E+00  -5.2240783761E-02  -3.0896025497E-02
  8.1540000000E+00  -5.1860786332E-02  -3.1528103149E-02
  8.2540000000E+00  -5.1416651132E-02  -3.2163386581E-02
  8.3540000000E+00  -5.0901385421E-02  -3.2801877173E-02
  8.4540000000E+00  -5.0300950628E-02  -3.3443341313E-02
  8.5540000000E+00  -4.9590640877E-02  -3.4087227735E-02
  8.6540000000E+00  -4.8727937161E-02  -3.4732512961E-02
  8.7540000000E+00  -4.7637506851E-02  -3.5377393235E-02
  8.8540000000E+00  -4.6176632927E-02  -3.6018613944E-02
  8.9540000000E+00  -4.4044642355E-02  -3.6649827615E-02
  9.0540000000E+00  -4.0501819919E-02  -3.7256891914E-02
  9.1540000000E+00  -3.3314931039E-02  -3.7801532729E-02
  9.2540000000E+00  -1.5585141988E-02  -3.8162353459E-02
  9.3540000000E+00   1.1136080803E-02  -3.8175811910E-02
  9.4540000000E+00   2.3361439119E-02  -3.8163429237E-02
  9.5540000000E+00   2.1320798709E-02  -3.8480874211E-02
  9.6540000000E+00   1.1967215591E-02  -3.9138086169E-02
  9.7540000000E+00  -2.7801876384E-04  -4.0034189870E-02
  9.8540000000E+00  -1.2544284253E-02  -4.1061765064E-02
  9.9540000000E+00  -2.3115021598E-02  -4.2131915701E-02
  1.0054000000E+01  -3.1387669129E-02  -4.3181587071E-02
  1.0154000000E+01  -3.7963649918E-02  -4.4184766589E-02
  1.0254000000E+01  -4.3612026603E-02  -4.5147531595E-02
  1.0354000000E+01  -4.8653932991E-02  -4.6085145430E-02
  1.0454000000E+01  -5.3012293367E-02  -4.7006102955E-02
  1.0554000000E+01  -5.6522831469E-02  -4.7908940546E-02
  1.0654000000E+01  -5.9176832100E-02  -4.8788031793E-02
  1.0754000000E+01  -6.1110496683E-02  -4.9639653634E-02
  1.0854000000E+01  -6.2496848562E-02  -5.0463586431E-02
  1.0954000000E+01  -6.3484417118E-02  -5.1261929270E-02
  1.1054000000E+01  -6.4184826147E-02  -5.2037602823E-02
  1.1154000000E+01  -6.4678449627E-02  -5.2793401621E-02
  1.1254000000E+01  -6.5022697703E-02  -5.3531560011E-02
  1.1354000000E+01  -6.5258786594E-02  -5.4253626062E-02
  1.1454000000E+01  -6.5416597625E-02  -5.4960489575E-02
  1.1554000000E+01  -6.5518036258E-02  -5.5652476826E-02
  1.1654000000E+01  -6.5579335613E-02  -5.6329467333E-02
  1.1754000000E+01  -6.5612641477E-02  -5.6991011102E-02
  1.1854000000E+01  -6.5627112242E-02  -5.7636436498E-02
  1.1954000000E+01  -6.5629690888E-02  -5.8264944676E-02
  1.2054000000E+01  -6.5625653905E-02  -5.8875689283E-02
  1.2154000000E+01  -6.5619007243E-02  -5.9467841489E-02
  1.2254000000E+01  -6.5612776319E-02  -6.0040641080E-02
  1.2354000000E+01  -6.5609221825E-02  -6.0593434686E-02
  1.2454000000E+01  -6.5610002963E-02  -6.1125702404E-02
  1.2554000000E+01  -6.5616302873E-02  -6.1637074203E-02
  1.2654000000E+01  -6.5628926502E-02  -6.2127337553E-02
  1.2754000000E+01  -6.5648378027E-02  -6.2596437712E-02
  1.2854000000E+01  -6.5674922853E-02  -6.3044472116E-02
  1.2954000000E+01  -6.5708637757E-02  -6.3471680211E-02
  1.3054000000E+01  -6.5749451750E-02  -6.3878430000E-02
  1.3154000000E+01  -6.5797179569E-02  -6.4265202429E-02
  1.3254000000E+01  -6.5851549185E-02  -6.4632574594E-02
  1.3354000000E+01  -6.5912224439E-02  -6.4981202601E-02
  1.3454000000E+01  -6.5978823613E-02  -6.5311804753E-02
  1.3554000000E+01  -6.6050934636E-02  -6.5625145559E-02
  1.3654000000E+01  -6.6128127451E-02  -6.5922020956E-02
  1.3754000000E+01  -6.6209963993E-02  -6.6203244983E-02
  1.3854000000E+01  -6.6296006171E-02  -6.6469638029E-02
  1.3954000000E+01  -6.6385822151E-02  -6.6722016734E-02
  1.4054000000E+01  -6.6478991229E-02  -6.6961185484E-02
  1.4154000000E+01  -6.6575107515E-02  -6.7187929453E-02
  1.4254000000E+01  -6.6673782646E-02  -6.7403009072E-02
  1.4354000000E+01  -6.6774647674E-02  -6.7607155783E-02
  1.4454000000E+01  -6.6877354296E-02  -6.7801068952E-02
  1.4554000000E+01  -6.6981575545E-02  -6.7985413763E-02
  1.4654000000E+01  -6.7087006043E-02  -6.8160819984E-02
  1.4754000000E+01  -6.7193361915E-02  -6.8327881429E-02
  1.4854000000E+01  -6.7300380425E-02  -6.8487156016E-02
  1.4954000000E+01  -6.7407819416E-02  -6.8639166296E-02
  1.5054000000E+01  -6.7515456589E-02  -6.8784400345E-02
  1.5154000000E+01  -6.7623088674E-02  -6.8923312951E-02
  1.5254000000E+01  -6.7730530520E-02  -6.9056326989E-02
  1.5354000000E+01  -6.7837614144E-02  -6.9183834955E-02
  1.5454000000E+01  -6.7944187749E-02  -6.9306200576E-02
  1.5554000000E+01  -6.8050114739E-02  -6.9423760479E-02
  1.5654000000E+01  -6.8155272738E-02  -6.9536825859E-02
  1.5754000000E+01  -6.8259552632E-02  -6.9645684139E-02
  1.5854000000E+01  -6.8362857632E-02  -6.9750600592E-02
  1.5954000000E+01  -6.8465102376E-02  -6.9851819907E-02
  1.6054000000E+01  -6.8566212064E-02  -6.9949567696E-02
  1.6154000000E+01  -6.8666121634E-02  -7.0044051922E-02
  1.6254000000E+01  -6.8764774982E-02  -7.0135464259E-02
  1.6354000000E+01  -6.8862124223E-02  -7.0223981365E-02
  1.6454000000E+01  -6.8958128998E-02  -7.0309766078E-02
  1.6554000000E+01  -6.9052755818E-02  -7.0392968533E-02
  1.6654000000E+01  -6.9145977455E-02  -7.0473727200E-02
  1.6754000000E+01  -6.9237772375E-02  -7.0552169848E-02
  1.6854000000E+01  -6.9328124202E-02  -7.0628414437E-02
  1.6954000000E+01  -6.9417021231E-02  -7.0702569939E-02
  1.7054000000E+01  -6.9504455968E-02  -7.0774737101E-02
  1.7154000000E+01  -6.9590424707E-02  -7.0845009138E-02
  1.7254000000E+01  -6.9674927142E-02  -7.0913472377E-02
  1.7354000000E+01  -6.9757966004E-02  -7.0980206844E-02
  1.7454000000E+01  -6.9839546737E-02  -7.1045286802E-02
  1.7554000000E+01  -6.9919677187E-02  -7.1108781246E-02
  1.7654000000E+01  -6.9998367328E-02  -7.1170754351E-02
  1.7754000000E+01  -7.0075629004E-02  -7.1231265885E-02
  1.7854000000E+01  -7.0151475700E-02  -7.1290371587E-02
  1.7954000000E+01  -7.0225922330E-02  -7.1348123507E-02
  1.8054000000E+01  -7.0298985039E-02  -7.1404570319E-02
  1.8154000000E+01  -7.0370681033E-02  -7.1459757609E-02
  1.8254000000E+01  -7.0441028416E-02  -7.1513728133E-02
  1.8354000000E+01  -7.0510046048E-02  -7.1566522052E-02
  1.8454000000E+01  -7.0577753416E-02  -7.1618177152E-02
  1.8554000000E+01  -7.0644170514E-02  -7.1668729035E-02
  1.8654000000E+01  -7.0709317739E-02  -7.1718211301E-02
  1.8754000000E+01  -7.0773215795E-02  -7.1766655711E-02
  1.8854000000E+01  -7.0835885611E-02  -7.1814092332E-02
  1.8954000000E+01  -7.0897348262E-02  -7.1860549674E-02
  1.9054000000E+01  -7.0957624904E-02  -7.1906054811E-02
  1.9154000000E+01  -7.1016736713E-02  -7.1950633494E-02
  1.9254000000E+01  -7.1074704832E-02  -7.1994310253E-02
  1.9354000000E+01  -7.1131550324E-02  -7.2037108487E-02
  1.9454000000E+01  -7.1187294133E-02  -7.2079050549E-02
  1.9554000000E+01  -7.1241957044E-02  -7.2120157825E-02
  1.9654000000E+01  -7.1295559658E-02  -7.2160450801E-02
  1.9754000000E+01  -7.1348122358E-02  -7.2199949128E-02
  1.9854000000E+01  -7.1399665291E-02  -7.2238671680E-02
  1.9954000000E+01  -7.1450208348E-02  -7.2276636608E-02
  2.0054000000E+01  -7.1499771144E-02  -7.2313861384E-02
  2.0154000000E+01  -7.1548373006E-02  -7.2350362853E-02
  2.0254000000E+01  -7.1596032964E-02  -7.2386157264E-02
  2.0354000000E+01  -7.1642769738E-02  -7.2421260316E-02
  2.0454000000E+01  -7.1688601733E-02  -7.2455687184E-02
  2.0554000000E+01  -7.1733547035E-02  -7.2489452556E-02
  2.0654000000E+01  -7.1777623402E-02  -7.2522570657E-02
  2.0754000000E+01  -7.1820848269E-02  -7.2555055278E-02
  2.0854000000E+01  -7.1863238740E-02  -7.2586919797E-02
  2.0954000000E+01  -7.1904811592E-02  -7.2618177205E-02
  2.1054000000E+01  -7.1945583274E-02  -7.2648840121E-02
  2.1154000000E+01  -7.1985569910E-02  -7.2678920815E-02
  2.1254000000E+01  -7.2024787299E-02  -7.2708431225E-02
  2.1354000000E+01  -7.2063250922E-02  -7.2737382967E-02
  2.1454000000E+01  -7.2100975941E-02  -7.2765787359E-02
  2.1554000000E+01  -7.2137977204E-02  -7.2793655426E-02
  2.1654000000E+01  -7.2174269254E-02  -7.2820997919E-02
  2.1754000000E+01  -7.2209866326E-02  -7.2847825320E-02
  2.1854000000E+01  -7.2244782358E-02  -7.2874147861E-02
  2.1954000000E+01  -7.2279030993E-02  -7.2899975527E-02
  2.2054000000E+01  -7.2312625585E-02  -7.2925318069E-02
  2.2154000000E+01  -7.2345579205E-02  -7.2950185012E-02
  2.2254000000E+01  -7.2377904647E-02  -7.2974585663E-02
  2.2354000000E+01  -7.2409614430E-02  -7.2998529119E-02
  2.2454000000E+01  -7.2440720809E-02  -7.3022024275E-02
  2.2554000000E+01  -7.2471235776E-02  -7.3045079828E-02
  2.2654000000E+01  -7.2501171067E-02  -7.3067704286E-02
  2.2754000000E+01  -7.2530538169E-02  -7.3089905975E-02
  2.2854000000E+01  -7.2559348324E-02  -7.3111693042E-02
  2.2954000000E+01  -7.2587612536E-02  -7.3133073459E-02
  2.3054000000E+01  -7.2615341573E-02  -7.3154055035E-02
  2.3154000000E+01  -7.2642545976E-02  -7.3174645412E-02
  2.3254000000E+01  -7.2669236064E-02  -7.3194852077E-02
  2.3354000000E+01  -7.2695421936E-02  -7.3214682361E-02
  2.3454000000E+01  -7.2721113479E-02  -7.3234143448E-02
  2.3554000000E+01  -7.2746320372E-02  -7.3253242375E-02
  2.3654000000E+01  -7.2771052091E-02  -7.3271986035E-02
  2.3754000000E+01  -7.2795317914E-02  -7.3290381186E-02
  2.3854000000E+01  -7.2819126925E-02  -7.3308434451E-02
  2.3954000000E+01  -7.2842488018E-02  -7.3326152320E-02
  2.4054000000E+01  -7.2865409905E-02  -7.3343541156E-02
  2.4154000000E+01  -7.2887901115E-02  -7.3360607195E-02
  2.4254000000E+01  -7.2909970002E-02  -7.3377356554E-02
  2.4354000000E+01  -7.2931624749E-02  -7.3393795228E-02
  2.4454000000E+01  -7.2952873369E-02  -7.3409929096E-02
  2.4554000000E+01  -7.2973723712E-02  -7.3425763923E-02
  2.4654000000E+01  -7.2994183469E-02  -7.3441305365E-02
  2.4754000000E+01  -7.3014260173E-02  -7.3456558964E-02
  2.4854000000E+01  -7.3033961205E-02  -7.3471530160E-02
  2.4954000000E+01  -7.3053293796E-02  -7.3486224287E-02
