 -2.4979000000E+01  -4.4661851947E-02  -5.6802398173E-02
 -2.4879000000E+01  -3.6951837627E-02  -5.6341919699E-02
 -2.4779000000E+01  -7.8627150350E-03  -5.5336814926E-02
 -2.4679000000E+01   3.8470995279E-02  -5.2810266504E-02
 -2.4579000000E+01   4.7761088996E-02  -4.9469954353E-02
 -2.4479000000E+01   4.2294046881E-02  -4.6333165303E-02
 -2.4379000000E+01   3.0724376003E-02  -4.3719654239E-02
 -2.4279000000E+01   1.6142014021E-02  -4.1749674664E-02
 -2.4179000000E+01   1.0695554111E-03  -4.0433135345E-02
 -2.4079000000E+01  -1.2633685278E-02  -3.9696739741E-02
 -2.3979000000E+01  -2.3870140684E-02  -3.9419029810E-02
 -2.3879000000E+01  -3.2480163832E-02  -3.9463352169E-02
 -2.3779000000E+01  -3.9500245205E-02  -3.9723882469E-02
 -2.3679000000E+01  -4.5753424613E-02  -4.0142634571E-02
 -2.3579000000E+01  -5.1305606752E-02  -4.0684337804E-02
 -2.3479000000E+01  -5.5821426419E-02  -4.1312190143E-02
 -2.3379000000E+01  -5.9135887652E-02  -4.1984005131E-02
 -2.3279000000E+01  -6.1404583713E-02  -4.2662572797E-02
 -2.3179000000E+01  -6.2899436151E-02  -4.3322708437E-02
 -2.3079000000E+01  -6.3857007377E-02  -4.3950688015E-02
 -2.2979000000E+01  -6.4446171667E-02  -4.4540795977E-02
 -2.2879000000E+01  -6.4780680197E-02  -4.5092157144E-02
 -2.2779000000E+01  -6.4936561876E-02  -4.5606548965E-02
 -2.2679000000E+01  -6.4965156770E-02  -4.6087034238E-02
 -2.2579000000E+01  -6.4901724331E-02  -4.6537148468E-02
 -2.2479000000E+01  -6.4770958615E-02  -4.6960438069E-02
 -2.2379000000E+01  -6.4590514622E-02  -4.7360214294E-02
 -2.2279000000E+01  -6.4373280300E-02  -4.7739437099E-02
 -2.2179000000E+01  -6.4128856992E-02  -4.8100675404E-02
 -2.2079000000E+01  -6.3864536461E-02  -4.8446110649E-02
 -2.1979000000E+01  -6.3585954317E-02  -4.8777563414E-02
 -2.1879000000E+01  -6.3297533024E-02  -4.9096530879E-02
 -2.1779000000E+01  -6.3002786465E-02  -4.9404227935E-02
 -2.1679000000E+01  -6.2704532427E-02  -4.9701627815E-02
 -2.1579000000E+01  -6.2405043148E-02  -4.9989500070E-02
 -2.1479000000E+01  -6.2106153834E-02  -5.0268444807E-02
 -2.1379000000E+01  -6.1809342342E-02  -5.0538922865E-02
 -2.1279000000E+01  -6.1515788935E-02  -5.0801281915E-02
 -2.1179000000E+01  -6.1226422105E-02  -5.1055778761E-02
 -2.1079000000E+01  -6.0941954550E-02  -5.1302598166E-02
 -2.0979000000E+01  -6.0662912089E-02  -5.1541868587E-02
 -2.0879000000E+01  -6.0389657418E-02  -5.1773675211E-02
 -2.0779000000E+01  -6.0122409970E-02  -5.1998070633E-02
 -2.0679000000E+01  -5.9861262763E-02  -5.2215083515E-02
 -2.0579000000E+01  -5.9606196789E-02  -5.2424725512E-02
 -2.0479000000E+01  -5.9357093310E-02  -5.2626996722E-02
 -2.0379000000E+01  -5.9113744289E-02  -5.2821889865E-02
 -2.0279000000E+01  -5.8875861065E-02  -5.3009393393E-02
 -2.0179000000E+01  -5.8643081341E-02  -5.3189493675E-02
 -2.0079000000E+01  -5.8414974454E-02  -5.3362176385E-02
 -1.9979000000E+01  -5.8191044886E-02  -5.3527427197E-02
 -1.9879000000E+01  -5.7970733903E-02  -5.3685231876E-02
 -1.9779000000E+01  -5.7753419157E-02  -5.3835575797E-02
 -1.9679000000E+01  -5.7538412013E-02  -5.3978442964E-02
 -1.9579000000E+01  -5.7324952269E-02  -5.4113814511E-02
 -1.9479000000E+01  -5.7112199791E-02  -5.4241666703E-02
 -1.9379000000E+01  -5.6899222416E-02  -5.4361968378E-02
 -1.9279000000E+01  -5.6684979194E-02  -5.4474677785E-02
 -1.9179000000E+01  -5.6468297677E-02  -5.4579738688E-02
 -1.9079000000E+01  -5.6247843387E-02  -5.4677075586E-02
 -1.8979000000E+01  -5.6022078804E-02  -5.4766587797E-02
 -1.8879000000E+01  -5.5789207964E-02  -5.4848142072E-02
 -1.8779000000E+01  -5.5547100845E-02  -5.4921563231E-02
 -1.8679000000E+01  -5.5293188737E-02  -5.4986622071E-02
 -1.8579000000E+01  -5.5024316896E-02  -5.5043019488E-02
 -1.8479000000E+01  -5.4736532650E-02  -5.5090365114E-02
 -1.8379000000E+01  -5.4424773108E-02  -5.5128147929E-02
 -1.8279000000E+01  -5.4082391417E-02  -5.5155694699E-02
 -1.8179000000E+01  -5.3700413436E-02  -5.5172109397E-02
 -1.8079000000E+01  -5.3266323945E-02  -5.5176181806E-02
 -1.7979000000E+01  -5.2761987718E-02  -5.5166243850E-02
 -1.7879000000E+01  -5.2159876171E-02  -5.5139932490E-02
 -1.7779000000E+01  -5.1415707078E-02  -5.5093774145E-02
 -1.7679000000E+01  -5.0452707143E-02  -5.5022398745E-02
 -1.7579000000E+01  -4.9123630417E-02  -5.4916896958E-02
 -1.7479000000E+01  -4.7102420990E-02  -5.4760879830E-02
 -1.7379000000E+01  -4.3489936309E-02  -5.4518917894E-02
 -1.7279000000E+01  -3.4751420685E-02  -5.4090122896E-02
 -1.7179000000E+01  -3.6327092920E-03  -5.3050340683E-02
 -1.7079000000E+01   3.6960150663E-02  -5.0566936491E-02
 -1.6979000000E+01   4.4492796717E-02  -4.7417882900E-02
 -1.6879000000E+01   3.8143398202E-02  -4.4500933250E-02
 -1.6779000000E+01   2.5863316098E-02  -4.2122599136E-02
 -1.6679000000E+01   1.1088189913E-02  -4.0386642578E-02
 -1.6579000000E+01  -3.6166855788E-03  -3.9280110148E-02
 -1.6479000000E+01  -1.6567966937E-02  -3.8712171854E-02
 -1.6379000000E+01  -2.6860214373E-02  -3.8552318939E-02
 -1.6279000000E+01  -3.4769856764E-02  -3.8667940886E-02
 -1.6179000000E+01  -4.1390632255E-02  -3.8968375857E-02
 -1.6079000000E+01  -4.7315772160E-02  -3.9405209699E-02
 -1.5979000000E+01  -5.2467141031E-02  -3.9944924238E-02
 -1.5879000000E+01  -5.6543412774E-02  -4.0550517235E-02
 -1.5779000000E+01  -5.9482277605E-02  -4.1182664955E-02
 -1.5679000000E+01  -6.1478184715E-02  -4.1809458847E-02
 -1.5579000000E+01  -6.2786373588E-02  -4.2410749257E-02
 -1.5479000000E+01  -6.3615616956E-02  -4.2976451823E-02
 -1.5379000000E+01  -6.4113219120E-02  -4.3503203476E-02
 -1.5279000000E+01  -6.4378863336E-02  -4.3991582033E-02
 -1.5179000000E+01  -6.4479827163E-02  -4.4444240355E-02
 -1.5079000000E+01  -6.4462050101E-02  -4.4864755863E-02
 -1.4979000000E+01  -6.4357444656E-02  -4.5256956242E-02
 -1.4879000000E+01  -6.4188614551E-02  -4.5624544766E-02
 -1.4779000000E+01  -6.3971898345E-02  -4.5970908817E-02
 -1.4679000000E+01  -6.3719348036E-02  -4.6299037724E-02
 -1.4579000000E+01  -6.3440029373E-02  -4.6611503827E-02
 -1.4479000000E+01  -6.3140886789E-02  -4.6910478415E-02
 -1.4379000000E+01  -6.2827325976E-02  -4.7197765288E-02
 -1.4279000000E+01  -6.2503611305E-02  -4.7474841692E-02
 -1.4179000000E+01  -6.2173140439E-02  -4.7742900702E-02
 -1.4079000000E+01  -6.1838636623E-02  -4.8002891761E-02
 -1.3979000000E+01  -6.1502285207E-02  -4.8255557757E-02
 -1.3879000000E+01  -6.1165832017E-02  -4.8501467927E-02
 -1.3779000000E+01  -6.0830655364E-02  -4.8741046481E-02
 -1.3679000000E+01  -6.0497819620E-02  -4.8974597114E-02
 -1.3579000000E+01  -6.0168115732E-02  -4.9202323761E-02
 -1.3479000000E+01  -5.9842092270E-02  -4.9424347952E-02
 -1.3379000000E+01  -5.9520079406E-02  -4.9640723204E-02
 -1.3279000000E+01  -5.9202207354E-02  -4.9851446795E-02
 -1.3179000000E+01  -5.8888420178E-02  -5.0056469261E-02
 -1.3079000000E+01  -5.8578485408E-02  -5.0255701899E-02
 -1.2979000000E+01  -5.8271999509E-02  -5.0449022487E-02
 -1.2879000000E+01  -5.7968388917E-02  -5.0636279407E-02
 -1.2779000000E+01  -5.7666906021E-02  -5.0817294264E-02
 -1.2679000000E+01  -5.7366619040E-02  -5.0991863055E-02
 -1.2579000000E+01  -5.7066394304E-02  -5.1159755866E-02
 -1.2479000000E+01  -5.6764868674E-02  -5.1320714975E-02
 -1.2379000000E+01  -5.6460408889E-02  -5.1474451163E-02
 -1.2279000000E+01  -5.6151053026E-02  -5.1620637867E-02
 -1.2179000000E+01  -5.5834426905E-02  -5.1758902608E-02
 -1.2079000000E+01  -5.5507624381E-02  -5.1888814860E-02
 -1.1979000000E+01  -5.5167034166E-02  -5.2009869018E-02
 -1.1879000000E+01  -5.4808085047E-02  -5.2121460447E-02
 -1.1779000000E+01  -5.4424862446E-02  -5.2222851345E-02
 -1.1679000000E+01  -5.4009514615E-02  -5.2313121119E-02
 -1.1579000000E+01  -5.3551300276E-02  -5.2391092268E-02
 -1.1479000000E+01  -5.3034994810E-02  -5.2455215821E-02
 -1.1379000000E+01  -5.2438080918E-02  -5.2503386589E-02
 -1.1279000000E+01  -5.1725469316E-02  -5.2532629010E-02
 -1.1179000000E+01  -5.0838744656E-02  -5.2538526139E-02
 -1.1079000000E+01  -4.9671847584E-02  -5.2514088088E-02
 -1.0979000000E+01  -4.8007795082E-02  -5.2447233883E-02
 -1.0879000000E+01  -4.5317939571E-02  -5.2314190058E-02
 -1.0779000000E+01  -3.9908490331E-02  -5.2057351468E-02
 -1.0679000000E+01  -2.3747843523E-02  -5.1478550359E-02
 -1.0579000000E+01   1.9445041247E-02  -4.9846184874E-02
 -1.0479000000E+01   4.1779901992E-02  -4.6995796147E-02
 -1.0379000000E+01   4.0723727303E-02  -4.4032030261E-02
 -1.0279000000E+01   3.0793432605E-02  -4.1489184700E-02
 -1.0179000000E+01   1.6870293539E-02  -3.9550217797E-02
 -1.0079000000E+01   1.9882278520E-03  -3.8247893791E-02
 -9.9790000000E+00  -1.1740748421E-02  -3.7517171182E-02
 -9.8790000000E+00  -2.3092982576E-02  -3.7237815590E-02
 -9.7790000000E+00  -3.1778293416E-02  -3.7271033028E-02
 -9.6790000000E+00  -3.8734722191E-02  -3.7505345609E-02
 -9.5790000000E+00  -4.4831448483E-02  -3.7877791855E-02
 -9.4790000000E+00  -5.0245546932E-02  -3.8352358969E-02
 -9.3790000000E+00  -5.4719322251E-02  -3.8895901279E-02
 -9.2790000000E+00  -5.8068565653E-02  -3.9471232297E-02
 -9.1790000000E+00  -6.0393725825E-02  -4.0044714860E-02
 -9.0790000000E+00  -6.1934651955E-02  -4.0593250777E-02
 -8.9790000000E+00  -6.2918708087E-02  -4.1104567945E-02
 -8.8790000000E+00  -6.3514958305E-02  -4.1574214290E-02
 -8.7790000000E+00  -6.3839758254E-02  -4.2002485348E-02
 -8.6790000000E+00  -6.3971885181E-02  -4.2392223998E-02
 -8.5790000000E+00  -6.3965013203E-02  -4.2747433367E-02
 -8.4790000000E+00  -6.3856263679E-02  -4.3072458647E-02
 -8.3790000000E+00  -6.3671787541E-02  -4.3371532250E-02
 -8.2790000000E+00  -6.3430375902E-02  -4.3648541583E-02
 -8.1790000000E+00  -6.3145804692E-02  -4.3906929120E-02
 -8.0790000000E+00  -6.2828370848E-02  -4.4149668343E-02
 -7.9790000000E+00  -6.2485909588E-02  -4.4379280966E-02
 -7.8790000000E+00  -6.2124475492E-02  -4.4597874581E-02
 -7.7790000000E+00  -6.1748803294E-02  -4.4807188447E-02
 -7.6790000000E+00  -6.1362622588E-02  -4.5008640396E-02
 -7.5790000000E+00  -6.0968874387E-02  -4.5203371107E-02
 -7.4790000000E+00  -6.0569860840E-02  -4.5392283872E-02
 -7.3790000000E+00  -6.0167348681E-02  -4.5576079146E-02
 -7.2790000000E+00  -5.9762639937E-02  -4.5755283806E-02
 -7.1790000000E+00  -5.9356618736E-02  -4.5930275329E-02
 -7.0790000000E+00  -5.8949779752E-02  -4.6101301306E-02
 -6.9790000000E+00  -5.8542241420E-02  -4.6268494667E-02
 -6.8790000000E+00  -5.8133745105E-02  -4.6431884978E-02
 -6.7790000000E+00  -5.7723639643E-02  -4.6591406057E-02
 -6.6790000000E+00  -5.7310848770E-02  -4.6746899998E-02
 -6.5790000000E+00  -5.6893816639E-02  -4.6898117491E-02
 -6.4790000000E+00  -5.6470423360E-02  -4.7044714043E-02
 -6.3790000000E+00  -5.6037857552E-02  -4.7186241313E-02
 -6.2790000000E+00  -5.5592424875E-02  -4.7322132169E-02
 -6.1790000000E+00  -5.5129257902E-02  -4.7451677169E-02
 -6.0790000000E+00  -5.4641868451E-02  -4.7573988629E-02
 -5.9790000000E+00  -5.4121438435E-02  -4.7687945826E-02
 -5.8790000000E+00  -5.3555656990E-02  -4.7792110131E-02
 -5.7790000000E+00  -5.2926728431E-02  -4.7884589771E-02
 -5.6790000000E+00  -5.2207767912E-02  -4.7962815323E-02
 -5.5790000000E+00  -5.1355815158E-02  -4.8023146282E-02
 -5.4790000000E+00  -5.0297047122E-02  -4.8060130631E-02
 -5.3790000000E+00  -4.8891641709E-02  -4.8064972872E-02
 -5.2790000000E+00  -4.6836021660E-02  -4.8021923558E-02
 -5.1790000000E+00  -4.3322121626E-02  -4.7898012828E-02
 -5.0790000000E+00  -3.5395439397E-02  -4.7604292912E-02
 -4.9790000000E+00  -9.4297621376E-03  -4.6797937483E-02
 -4.8790000000E+00   3.0312638939E-02  -4.4719235243E-02
 -4.7790000000E+00   4.0758818481E-02  -4.1891181401E-02
 -4.6790000000E+00   3.5368048816E-02  -3.9230080073E-02
 -4.5790000000E+00   2.3407653741E-02  -3.7081139289E-02
 -4.4790000000E+00   8.9017265711E-03  -3.5546288906E-02
 -4.3790000000E+00  -5.4391504255E-03  -3.4598237993E-02
 -4.2790000000E+00  -1.7939853158E-02  -3.4132146451E-02
 -4.1790000000E+00  -2.7761238345E-02  -3.4008376420E-02
 -4.0790000000E+00  -3.5300123851E-02  -3.4093559991E-02
 -3.9790000000E+00  -4.1597937995E-02  -3.4300889103E-02
 -3.8790000000E+00  -4.7184082996E-02  -3.4585061032E-02
 -3.7790000000E+00  -5.1998569645E-02  -3.4916042748E-02
 -3.6790000000E+00  -5.5793610114E-02  -3.5262716621E-02
 -3.5790000000E+00  -5.8520641582E-02  -3.5593470060E-02
 -3.4790000000E+00  -6.0350836288E-02  -3.5883876668E-02
 -3.3790000000E+00  -6.1513703207E-02  -3.6119960094E-02
 -3.2790000000E+00  -6.2201702493E-02  -3.6296410284E-02
 -3.1790000000E+00  -6.2553273854E-02  -3.6413413831E-02
 -3.0790000000E+00  -6.2663362891E-02  -3.6474053233E-02
 -2.9790000000E+00  -6.2596618312E-02  -3.6482602129E-02
 -2.8790000000E+00  -6.2397408060E-02  -3.6443521364E-02
 -2.7790000000E+00  -6.2096580225E-02  -3.6360914575E-02
 -2.6790000000E+00  -6.1715877456E-02  -3.6238262895E-02
 -2.5790000000E+00  -6.1270797040E-02  -3.6078320174E-02
 -2.4790000000E+00  -6.0772441526E-02  -3.5883094558E-02
 -2.3790000000E+00  -6.0228710131E-02  -3.5653871352E-02
 -2.2790000000E+00  -5.9645049830E-02  -3.5391250175E-02
 -2.1790000000E+00  -5.9024899052E-02  -3.5095180398E-02
 -2.0790000000E+00  -5.8369899156E-02  -3.4764985120E-02
 -1.9790000000E+00  -5.7679906191E-02  -3.4399367170E-02
 -1.8790000000E+00  -5.6952797200E-02  -3.3996391712E-02
 -1.7790000000E+00  -5.6184020030E-02  -3.3553439243E-02
 -1.6790000000E+00  -5.5365765688E-02  -3.3067120000E-02
 -1.5790000000E+00  -5.4485513026E-02  -3.2533134788E-02
 -1.4790000000E+00  -5.3523426788E-02  -3.1946055279E-02
 -1.3790000000E+00  -5.2447476077E-02  -3.1298971712E-02
 -1.2790000000E+00  -5.1203594189E-02  -3.0582899169E-02
 -1.1790000000E+00  -4.9693833183E-02  -2.9785690829E-02
 -1.0790000000E+00  -4.7721201600E-02  -2.8889797037E-02
 -9.7900000000E-01  -4.4823565889E-02  -2.7866812846E-02
 -8.7900000000E-01  -3.9634971370E-02  -2.6660776639E-02
 -7.7900000000E-01  -2.6687173411E-02  -2.5119189693E-02
 -6.7900000000E-01   6.7648002742E-03  -2.2756944804E-02
 -5.7900000000E-01   3.1750960484E-02  -1.9335060907E-02
 -4.7900000000E-01   3.3764352617E-02  -1.5672109911E-02
 -3.7900000000E-01   2.5175815349E-02  -1.2251183078E-02
 -2.7900000000E-01   1.2241446443E-02  -9.1599533090E-03
 -1.7900000000E-01  -1.4870787405E-03  -6.2071423132E-03
 -7.9000000000E-02  -1.3835424513E-02  -2.9635985338E-03
  2.1000000000E-02  -2.3643475763E-02   8.9506780546E-04
  1.2100000000E-01  -3.0725033566E-02   5.5099213637E-03
  2.2100000000E-01  -3.5807322807E-02   1.0757964993E-02
  3.2100000000E-01  -3.9577904865E-02   1.6212954666E-02
  4.2100000000E-01  -4.2391477258E-02   2.1260841240E-02
  5.2100000000E-01  -4.4410743276E-02   2.5371734801E-02
  6.2100000000E-01  -4.5739710952E-02   2.8316840018E-02
  7.2100000000E-01  -4.6480710412E-02   3.0150961639E-02
  8.2100000000E-01  -4.6738847126E-02   3.1057213517E-02
  9.2100000000E-01  -4.6608161557E-02   3.1224387621E-02
  1.0210000000E+00  -4.6158924264E-02   3.0801998523E-02
  1.1210000000E+00  -4.5429623169E-02   2.9898875165E-02
  1.2210000000E+00  -4.4419592142E-02   2.8593492156E-02
  1.3210000000E+00  -4.3075152491E-02   2.6943803689E-02
  1.4210000000E+00  -4.1257040271E-02   2.4994437081E-02
  1.5210000000E+00  -3.8661952746E-02   2.2781927878E-02
  1.6210000000E+00  -3.4635692522E-02   2.0339213794E-02
  1.7210000000E+00  -2.7829010519E-02   1.7700472850E-02
  1.8210000000E+00  -1.6854833699E-02   1.4899795129E-02
  1.9210000000E+00  -5.8214386353E-03   1.1928442653E-02
  2.0210000000E+00  -1.5549812510E-03   8.7302283424E-03
  2.1210000000E+00  -4.0316246625E-03   5.2978904432E-03
  2.2210000000E+00  -1.0218338673E-02   1.6558527311E-03
  2.3210000000E+00  -1.7525470733E-02  -1.8474692712E-03
  2.4210000000E+00  -2.4214367013E-02  -3.2723934842E-03
  2.5210000000E+00  -2.9619392752E-02  -4.6032086461E-03
  2.6210000000E+00  -3.3900864366E-02  -5.9828201561E-03
  2.7210000000E+00  -3.7409564378E-02  -7.4238966164E-03
  2.8210000000E+00  -4.0416000750E-02  -8.9400589775E-03
  2.9210000000E+00  -4.3072815160E-02  -1.0538665751E-02
  3.0210000000E+00  -4.5435697980E-02  -1.2026709828E-02
  3.1210000000E+00  -4.7494667176E-02  -1.3327776993E-02
  3.2210000000E+00  -4.9224659687E-02  -1.4488518412E-02
  3.3210000000E+00  -5.0614160333E-02  -1.5542106429E-02
  3.4210000000E+00  -5.1675331105E-02  -1.6511929295E-02
  3.5210000000E+00  -5.2439893852E-02  -1.7415140129E-02
  3.6210000000E+00  -5.2949193003E-02  -1.8264710431E-02
  3.7210000000E+00  -5.3245493279E-02  -1.9070683721E-02
  3.8210000000E+00  -5.3366873293E-02  -1.9840986324E-02
  3.9210000000E+00  -5.3345140397E-02  -2.0581976394E-02
  4.0210000000E+00  -5.3205485823E-02  -2.1298827314E-02
  4.1210000000E+00  -5.2966878485E-02  -2.1995800553E-02
  4.2210000000E+00  -5.2642607675E-02  -2.2676441868E-02
  4.3210000000E+00  -5.2240658126E-02  -2.3343722550E-02
  4.4210000000E+00  -5.1763719501E-02  -2.4000139533E-02
  4.5210000000E+00  -5.1208625446E-02  -2.4647782462E-02
  4.6210000000E+00  -5.0564880149E-02  -2.5288370589E-02
  4.7210000000E+00  -4.9811577096E-02  -2.5923255945E-02
  4.8210000000E+00  -4.8911172627E-02  -2.6553377913E-02
  4.9210000000E+00  -4.7796435182E-02  -2.7179129155E-02
  5.0210000000E+00  -4.6340835659E-02  -2.7800025843E-02
  5.1210000000E+00  -4.4283071202E-02  -2.8413868546E-02
  5.2210000000E+00  -4.1002217919E-02  -2.9014330573E-02
  5.3210000000E+00  -3.4716188539E-02  -2.9582716986E-02
  5.4210000000E+00  -1.9842942359E-02  -3.0058136768E-02
  5.5210000000E+00   5.7533974252E-03  -3.0350467177E-02
  5.6210000000E+00   2.0348720895E-02  -3.0655392017E-02
  5.7210000000E+00   1.9987918907E-02  -3.1169163492E-02
  5.8210000000E+00   1.1598869584E-02  -3.1854972110E-02
  5.9210000000E+00  -6.6820904613E-05  -3.2643040494E-02
  6.0210000000E+00  -1.1990357406E-02  -3.3479643519E-02
  6.1210000000E+00  -2.2371416959E-02  -3.4326087503E-02
  6.2210000000E+00  -3.0505748620E-02  -3.5157421915E-02
  6.3210000000E+00  -3.6887151463E-02  -3.5968278098E-02
  6.4210000000E+00  -4.2268288520E-02  -3.6767829092E-02
  6.5210000000E+00  -4.7028315029E-02  -3.7565670097E-02
  6.6210000000E+00  -5.1171831376E-02  -3.8365101773E-02
  6.7210000000E+00  -5.4562480003E-02  -3.9163502190E-02
  6.8210000000E+00  -5.7154934051E-02  -3.9956506429E-02
  6.9210000000E+00  -5.9040647545E-02  -4.0741584163E-02
  7.0210000000E+00  -6.0369859044E-02  -4.1518637146E-02
  7.1210000000E+00  -6.1285361016E-02  -4.2288921531E-02
  7.2210000000E+00  -6.1900006652E-02  -4.3053998467E-02
  7.3210000000E+00  -6.2297131967E-02  -4.3815195864E-02
  7.4210000000E+00  -6.2537044845E-02  -4.4573434536E-02
  7.5210000000E+00  -6.2663370634E-02  -4.5329220586E-02
  7.6210000000E+00  -6.2707913319E-02  -4.6082693078E-02
  7.7210000000E+00  -6.2694116402E-02  -4.6833680851E-02
  7.8210000000E+00  -6.2639470238E-02  -4.7581753293E-02
  7.9210000000E+00  -6.2557179016E-02  -4.8326262125E-02
  8.0210000000E+00  -6.2457319192E-02  -4.9066375391E-02
  8.1210000000E+00  -6.2347650553E-02  -4.9801105879E-02
  8.2210000000E+00  -6.2234189538E-02  -5.0529336126E-02
  8.3210000000E+00  -6.2121618947E-02  -5.1249841786E-02
  8.4210000000E+00  -6.2013584266E-02  -5.1961314652E-02
  8.5210000000E+00  -6.1912910756E-02  -5.2662386208E-02
  8.6210000000E+00  -6.1821764769E-02  -5.3351652148E-02
  8.7210000000E+00  -6.1741775440E-02  -5.4027697960E-02
  8.8210000000E+00  -6.1674128058E-02  -5.4689125324E-02
  8.9210000000E+00  -6.1619637047E-02  -5.5334578825E-02
  9.0210000000E+00  -6.1578804162E-02  -5.5962772272E-02
  9.1210000000E+00  -6.1551865944E-02  -5.6572513770E-02
  9.2210000000E+00  -6.1538833307E-02  -5.7162728677E-02
  9.3210000000E+00  -6.1539525335E-02  -5.7732479565E-02
  9.4210000000E+00  -6.1553598797E-02  -5.8280982461E-02
  9.5210000000E+00  -6.1580574399E-02  -5.8807618780E-02
  9.6210000000E+00  -6.1619860531E-02  -5.9311942603E-02
  9.7210000000E+00  -6.1670774975E-02  -5.9793683191E-02
  9.8210000000E+00  -6.1732564859E-02  -6.0252742863E-02
  9.9210000000E+00  -6.1804425034E-02  -6.0689190592E-02
  1.0021000000E+01  -6.1885514924E-02  -6.1103251863E-02
  1.0121000000E+01  -6.1974973863E-02  -6.1495295450E-02
  1.0221000000E+01  -6.2071934888E-02  -6.1865817867E-02
  1.0321000000E+01  -6.2175536963E-02  -6.2215426267E-02
  1.0421000000E+01  -6.2284935601E-02  -6.2544820520E-02
  1.0521000000E+01  -6.2399311884E-02  -6.2854775170E-02
  1.0621000000E+01  -6.2517879910E-02  -6.3146121845E-02
  1.0721000000E+01  -6.2639892721E-02  -6.3419732606E-02
  1.0821000000E+01  -6.2764646784E-02  -6.3676504595E-02
  1.0921000000E+01  -6.2891485155E-02  -6.3917346238E-02
  1.1021000000E+01  -6.3019799432E-02  -6.4143165144E-02
  1.1121000000E+01  -6.3149030649E-02  -6.4354857762E-02
  1.1221000000E+01  -6.3278669261E-02  -6.4553300776E-02
  1.1321000000E+01  -6.3408254353E-02  -6.4739344158E-02
  1.1421000000E+01  -6.3537372224E-02  -6.4913805768E-02
  1.1521000000E+01  -6.3665654491E-02  -6.5077467354E-02
  1.1621000000E+01  -6.3792775804E-02  -6.5231071791E-02
  1.1721000000E+01  -6.3918451322E-02  -6.5375321383E-02
  1.1821000000E+01  -6.4042434003E-02  -6.5510877087E-02
  1.1921000000E+01  -6.4164511823E-02  -6.5638358477E-02
  1.2021000000E+01  -6.4284504971E-02  -6.5758344323E-02
  1.2121000000E+01  -6.4402263078E-02  -6.5871373645E-02
  1.2221000000E+01  -6.4517662522E-02  -6.5977947134E-02
  1.2321000000E+01  -6.4630603845E-02  -6.6078528837E-02
  1.2421000000E+01  -6.4741009302E-02  -6.6173548022E-02
  1.2521000000E+01  -6.4848820547E-02  -6.6263401155E-02
  1.2621000000E+01  -6.4953996491E-02  -6.6348453933E-02
  1.2721000000E+01  -6.5056511303E-02  -6.6429043322E-02
  1.2821000000E+01  -6.5156352581E-02  -6.6505479567E-02
  1.2921000000E+01  -6.5253519675E-02  -6.6578048156E-02
  1.3021000000E+01  -6.5348022163E-02  -6.6647011694E-02
  1.3121000000E+01  -6.5439878464E-02  -6.6712611700E-02
  1.3221000000E+01  -6.5529114601E-02  -6.6775070301E-02
  1.3321000000E+01  -6.5615763072E-02  -6.6834591822E-02
  1.3421000000E+01  -6.5699861854E-02  -6.6891364275E-02
  1.3521000000E+01  -6.5781453506E-02  -6.6945560733E-02
  1.3621000000E+01  -6.5860584377E-02  -6.6997340614E-02
  1.3721000000E+01  -6.5937303900E-02  -6.7046850852E-02
  1.3821000000E+01  -6.6011663971E-02  -6.7094226987E-02
  1.3921000000E+01  -6.6083718401E-02  -6.7139594149E-02
  1.4021000000E+01  -6.6153522436E-02  -6.7183067972E-02
  1.4121000000E+01  -6.6221132337E-02  -6.7224755424E-02
  1.4221000000E+01  -6.6286605015E-02  -6.7264755557E-02
  1.4321000000E+01  -6.6349997710E-02  -6.7303160201E-02
  1.4421000000E+01  -6.6411367718E-02  -6.7340054587E-02
  1.4521000000E+01  -6.6470772155E-02  -6.7375517918E-02
  1.4621000000E+01  -6.6528267752E-02  -6.7409623885E-02
  1.4721000000E+01  -6.6583910687E-02  -6.7442441134E-02
  1.4821000000E+01  -6.6637756433E-02  -6.7474033697E-02
  1.4921000000E+01  -6.6689859639E-02  -6.7504461373E-02
  1.5021000000E+01  -6.6740274029E-02  -6.7533780079E-02
  1.5121000000E+01  -6.6789052318E-02  -6.7562042174E-02
  1.5221000000E+01  -6.6836246141E-02  -6.7589296738E-02
  1.5321000000E+01  -6.6881906005E-02  -6.7615589841E-02
  1.5421000000E+01  -6.6926081243E-02  -6.7640964780E-02
  1.5521000000E+01  -6.6968819988E-02  -6.7665462293E-02
  1.5621000000E+01  -6.7010169147E-02  -6.7689120754E-02
  1.5721000000E+01  -6.7050174389E-02  -6.7711976358E-02
  1.5821000000E+01  -6.7088880141E-02  -6.7734063278E-02
  1.5921000000E+01  -6.7126329584E-02  -6.7755413813E-02
  1.6021000000E+01  -6.7162564661E-02  -6.7776058526E-02
  1.6121000000E+01  -6.7197626083E-02  -6.7796026368E-02
  1.6221000000E+01  -6.7231553345E-02  -6.7815344785E-02
  1.6321000000E+01  -6.7264384739E-02  -6.7834039827E-02
  1.6421000000E+01  -6.7296157372E-02  -6.7852136237E-02
  1.6521000000E+01  -6.7326907192E-02  -6.7869657542E-02
  1.6621000000E+01  -6.7356669004E-02  -6.7886626127E-02
  1.6721000000E+01  -6.7385476498E-02  -6.7903063313E-02
  1.6821000000E+01  -6.7413362271E-02  -6.7918989418E-02
  1.6921000000E+01  -6.7440357857E-02  -6.7934423821E-02
  1.7021000000E+01  -6.7466493747E-02  -6.7949385021E-02
  1.7121000000E+01  -6.7491799424E-02  -6.7963890684E-02
  1.7221000000E+01  -6.7516303383E-02  -6.7977957695E-02
  1.7321000000E+01  -6.7540033162E-02  -6.7991602201E-02
  1.7421000000E+01  -6.7563015370E-02  -6.8004839651E-02
  1.7521000000E+01  -6.7585275710E-02  -6.8017684837E-02
  1.7621000000E+01  -6.7606839010E-02  -6.8030151927E-02
  1.7721000000E+01  -6.7627729247E-02  -6.8042254499E-02
  1.7821000000E+01  -6.7647969575E-02  -6.8054005570E-02
  1.7921000000E+01  -6.7667582350E-02  -6.8065417629E-02
  1.8021000000E+01  -6.7686589155E-02  -6.8076502656E-02
  1.8121000000E+01  -6.7705010825E-02  -6.8087272156E-02
  1.8221000000E+01  -6.7722867473E-02  -6.8097737173E-02
  1.8321000000E+01  -6.7740178510E-02  -6.8107908321E-02
  1.8421000000E+01  -6.7756962671E-02  -6.8117795796E-02
  1.8521000000E+01  -6.7773238037E-02  -6.8127409400E-02
  1.8621000000E+01  -6.7789022057E-02  -6.8136758559E-02
  1.8721000000E+01  -6.7804331570E-02  -6.8145852338E-02
  1.8821000000E+01  -6.7819182824E-02  -6.8154699458E-02
  1.8921000000E+01  -6.7833591496E-02  -6.8163308311E-02
  1.9021000000E+01  -6.7847572716E-02  -6.8171686973E-02
  1.9121000000E+01  -6.7861141078E-02  -6.8179843222E-02
  1.9221000000E+01  -6.7874310668E-02  -6.8187784542E-02
  1.9321000000E+01  -6.7887095074E-02  -6.8195518146E-02
  1.9421000000E+01  -6.7899507406E-02  -6.8203050977E-02
  1.9521000000E+01  -6.7911560313E-02  -6.8210389728E-02
  1.9621000000E+01  -6.7923266000E-02  -6.8217540844E-02
  1.9721000000E+01  -6.7934636241E-02  -6.8224510538E-02
  1.9821000000E+01  -6.7945682398E-02  -6.8231304798E-02
  1.9921000000E+01  -6.7956415430E-02  -6.8237929395E-02
  2.0021000000E+01  -6.7966845913E-02  -6.8244389893E-02
  2.0121000000E+01  -6.7976984048E-02  -6.8250691657E-02
  2.0221000000E+01  -6.7986839681E-02  -6.8256839859E-02
  2.0321000000E+01  -6.7996422308E-02  -6.8262839488E-02
  2.0421000000E+01  -6.8005741094E-02  -6.8268695354E-02
  2.0521000000E+01  -6.8014804879E-02  -6.8274412097E-02
  2.0621000000E+01  -6.8023622193E-02  -6.8279994193E-02
  2.0721000000E+01  -6.8032201269E-02  -6.8285445960E-02
  2.0821000000E+01  -6.8040550047E-02  -6.8290771562E-02
  2.0921000000E+01  -6.8048676191E-02  -6.8295975018E-02
  2.1021000000E+01  -6.8056587094E-02  -6.8301060207E-02
  2.1121000000E+01  -6.8064289890E-02  -6.8306030869E-02
  2.1221000000E+01  -6.8071791465E-02  -6.8310890616E-02
  2.1321000000E+01  -6.8079098461E-02  -6.8315642931E-02
  2.1421000000E+01  -6.8086217287E-02  -6.8320291178E-02
  2.1521000000E+01  -6.8093154131E-02  -6.8324838602E-02
  2.1621000000E+01  -6.8099914960E-02  -6.8329288336E-02
  2.1721000000E+01  -6.8106505535E-02  -6.8333643403E-02
  2.1821000000E+01  -6.8112931415E-02  -6.8337906723E-02
  2.1921000000E+01  -6.8119197964E-02  -6.8342081113E-02
  2.2021000000E+01  -6.8125310360E-02  -6.8346169293E-02
  2.2121000000E+01  -6.8131273598E-02  -6.8350173889E-02
  2.2221000000E+01  -6.8137092500E-02  -6.8354097437E-02
  2.2321000000E+01  -6.8142771721E-02  -6.8357942384E-02
  2.2421000000E+01  -6.8148315751E-02  -6.8361711093E-02
  2.2521000000E+01  -6.8153728926E-02  -6.8365405848E-02
  2.2621000000E+01  -6.8159015429E-02  -6.8369028850E-02
  2.2721000000E+01  -6.8164179299E-02  -6.8372582229E-02
  2.2821000000E+01  -6.8169224435E-02  -6.8376068039E-02
  2.2921000000E+01  -6.8174154597E-02  -6.8379488265E-02
  2.3021000000E+01  -6.8178973419E-02  -6.8382844822E-02
  2.3121000000E+01  -6.8183684406E-02  -6.8386139561E-02
  2.3221000000E+01  -6.8188290941E-02  -6.8389374271E-02
  2.3321000000E+01  -6.8192796292E-02  -6.8392550677E-02
  2.3421000000E+01  -6.8197203611E-02  -6.8395670448E-02
  2.3521000000E+01  -6.8201515944E-02  -6.8398735193E-02
  2.3621000000E+01  -6.8205736229E-02  -6.8401746470E-02
  2.3721000000E+01  -6.8209867303E-02  -6.8404705781E-02
  2.3821000000E+01  -6.8213911905E-02  -6.8407614577E-02
  2.3921000000E+01  -6.8217872681E-02  -6.8410474262E-02
  2.4021000000E+01  -6.8221752183E-02  -6.8413286191E-02
  2.4121000000E+01  -6.8225552877E-02  -6.8416051674E-02
  2.4221000000E+01  -6.8229277142E-02  -6.8418771974E-02
  2.4321000000E+01  -6.8232927278E-02  -6.8421448315E-02
  2.4421000000E+01  -6.8236505504E-02  -6.8424081877E-02
  2.4521000000E+01  -6.8240013962E-02  -6.8426673803E-02
  2.4621000000E+01  -6.8243454723E-02  -6.8429225194E-02
  2.4721000000E+01  -6.8246829783E-02  -6.8431737116E-02
  2.4821000000E+01  -6.8250141073E-02  -6.8434210600E-02
  2.4921000000E+01  -6.8253390457E-02  -6.8436646641E-02
