 -2.4955000000E+01  -6.0649427542E-02  -6.1277175022E-02
 -2.4855000000E+01  -6.0638413619E-02  -6.1268737292E-02
 -2.4755000000E+01  -6.0627347510E-02  -6.1260268864E-02
 -2.4655000000E+01  -6.0616228565E-02  -6.1251769387E-02
 -2.4555000000E+01  -6.0605056116E-02  -6.1243238504E-02
 -2.4455000000E+01  -6.0593829487E-02  -6.1234675853E-02
 -2.4355000000E+01  -6.0582547989E-02  -6.1226081065E-02
 -2.4255000000E+01  -6.0571210916E-02  -6.1217453763E-02
 -2.4155000000E+01  -6.0559817554E-02  -6.1208793567E-02
 -2.4055000000E+01  -6.0548367172E-02  -6.1200100087E-02
 -2.3955000000E+01  -6.0536859025E-02  -6.1191372929E-02
 -2.3855000000E+01  -6.0525292356E-02  -6.1182611688E-02
 -2.3755000000E+01  -6.0513666390E-02  -6.1173815956E-02
 -2.3655000000E+01  -6.0501980340E-02  -6.1164985315E-02
 -2.3555000000E+01  -6.0490233400E-02  -6.1156119341E-02
 -2.3455000000E+01  -6.0478424753E-02  -6.1147217601E-02
 -2.3355000000E+01  -6.0466553560E-02  -6.1138279654E-02
 -2.3255000000E+01  -6.0454618969E-02  -6.1129305052E-02
 -2.3155000000E+01  -6.0442620110E-02  -6.1120293339E-02
 -2.3055000000E+01  -6.0430556094E-02  -6.1111244048E-02
 -2.2955000000E+01  -6.0418426017E-02  -6.1102156706E-02
 -2.2855000000E+01  -6.0406228952E-02  -6.1093030829E-02
 -2.2755000000E+01  -6.0393963956E-02  -6.1083865925E-02
 -2.2655000000E+01  -6.0381630066E-02  -6.1074661494E-02
 -2.2555000000E+01  -6.0369226297E-02  -6.1065417022E-02
 -2.2455000000E+01  -6.0356751645E-02  -6.1056131989E-02
 -2.2355000000E+01  -6.0344205084E-02  -6.1046805864E-02
 -2.2255000000E+01  -6.0331585566E-02  -6.1037438105E-02
 -2.2155000000E+01  -6.0318892020E-02  -6.1028028159E-02
 -2.2055000000E+01  -6.0306123354E-02  -6.1018575463E-02
 -2.1955000000E+01  -6.0293278448E-02  -6.1009079441E-02
 -2.1855000000E+01  -6.0280356161E-02  -6.0999539509E-02
 -2.1755000000E+01  -6.0267355325E-02  -6.0989955067E-02
 -2.1655000000E+01  -6.0254274746E-02  -6.0980325505E-02
 -2.1555000000E+01  -6.0241113205E-02  -6.0970650200E-02
 -2.1455000000E+01  -6.0227869452E-02  -6.0960928516E-02
 -2.1355000000E+01  -6.0214542212E-02  -6.0951159805E-02
 -2.1255000000E+01  -6.0201130178E-02  -6.0941343403E-02
 -2.1155000000E+01  -6.0187632015E-02  -6.0931478635E-02
 -2.1055000000E+01  -6.0174046356E-02  -6.0921564809E-02
 -2.0955000000E+01  -6.0160371801E-02  -6.0911601219E-02
 -2.0855000000E+01  -6.0146606917E-02  -6.0901587145E-02
 -2.0755000000E+01  -6.0132750240E-02  -6.0891521849E-02
 -2.0655000000E+01  -6.0118800266E-02  -6.0881404580E-02
 -2.0555000000E+01  -6.0104755458E-02  -6.0871234568E-02
 -2.0455000000E+01  -6.0090614241E-02  -6.0861011027E-02
 -2.0355000000E+01  -6.0076375001E-02  -6.0850733153E-02
 -2.0255000000E+01  -6.0062036083E-02  -6.0840400124E-02
 -2.0155000000E+01  -6.0047595794E-02  -6.0830011100E-02
 -2.0055000000E+01  -6.0033052394E-02  -6.0819565222E-02
 -1.9955000000E+01  -6.0018404103E-02  -6.0809061609E-02
 -1.9855000000E+01  -6.0003649093E-02  -6.0798499363E-02
 -1.9755000000E+01  -5.9988785489E-02  -6.0787877562E-02
 -1.9655000000E+01  -5.9973811370E-02  -6.0777195264E-02
 -1.9555000000E+01  -5.9958724762E-02  -6.0766451506E-02
 -1.9455000000E+01  -5.9943523639E-02  -6.0755645298E-02
 -1.9355000000E+01  -5.9928205924E-02  -6.0744775630E-02
 -1.9255000000E+01  -5.9912769481E-02  -6.0733841466E-02
 -1.9155000000E+01  -5.9897212118E-02  -6.0722841744E-02
 -1.9055000000E+01  -5.9881531583E-02  -6.0711775378E-02
 -1.8955000000E+01  -5.9865725562E-02  -6.0700641253E-02
 -1.8855000000E+01  -5.9849791676E-02  -6.0689438227E-02
 -1.8755000000E+01  -5.9833727481E-02  -6.0678165128E-02
 -1.8655000000E+01  -5.9817530464E-02  -6.0666820757E-02
 -1.8555000000E+01  -5.9801198038E-02  -6.0655403882E-02
 -1.8455000000E+01  -5.9784727545E-02  -6.0643913238E-02
 -1.8355000000E+01  -5.9768116248E-02  -6.0632347531E-02
 -1.8255000000E+01  -5.9751361330E-02  -6.0620705429E-02
 -1.8155000000E+01  -5.9734459892E-02  -6.0608985567E-02
 -1.8055000000E+01  -5.9717408947E-02  -6.0597186542E-02
 -1.7955000000E+01  -5.9700205420E-02  -6.0585306914E-02
 -1.7855000000E+01  -5.9682846140E-02  -6.0573345205E-02
 -1.7755000000E+01  -5.9665327843E-02  -6.0561299894E-02
 -1.7655000000E+01  -5.9647647161E-02  -6.0549169419E-02
 -1.7555000000E+01  -5.9629800620E-02  -6.0536952174E-02
 -1.7455000000E+01  -5.9611784640E-02  -6.0524646509E-02
 -1.7355000000E+01  -5.9593595523E-02  -6.0512250724E-02
 -1.7255000000E+01  -5.9575229456E-02  -6.0499763074E-02
 -1.7155000000E+01  -5.9556682498E-02  -6.0487181761E-02
 -1.7055000000E+01  -5.9537950581E-02  -6.0474504934E-02
 -1.6955000000E+01  -5.9519029503E-02  -6.0461730688E-02
 -1.6855000000E+01  -5.9499914919E-02  -6.0448857062E-02
 -1.6755000000E+01  -5.9480602338E-02  -6.0435882034E-02
 -1.6655000000E+01  -5.9461087116E-02  -6.0422803522E-02
 -1.6555000000E+01  -5.9441364447E-02  -6.0409619379E-02
 -1.6455000000E+01  -5.9421429357E-02  -6.0396327392E-02
 -1.6355000000E+01  -5.9401276698E-02  -6.0382925278E-02
 -1.6255000000E+01  -5.9380901136E-02  -6.0369410682E-02
 -1.6155000000E+01  -5.9360297146E-02  -6.0355781173E-02
 -1.6055000000E+01  -5.9339459000E-02  -6.0342034241E-02
 -1.5955000000E+01  -5.9318380758E-02  -6.0328167296E-02
 -1.5855000000E+01  -5.9297056260E-02  -6.0314177660E-02
 -1.5755000000E+01  -5.9275479110E-02  -6.0300062567E-02
 -1.5655000000E+01  -5.9253642669E-02  -6.0285819155E-02
 -1.5555000000E+01  -5.9231540041E-02  -6.0271444468E-02
 -1.5455000000E+01  -5.9209164061E-02  -6.0256935446E-02
 -1.5355000000E+01  -5.9186507275E-02  -6.0242288920E-02
 -1.5255000000E+01  -5.9163561935E-02  -6.0227501611E-02
 -1.5155000000E+01  -5.9140319975E-02  -6.0212570124E-02
 -1.5055000000E+01  -5.9116772997E-02  -6.0197490939E-02
 -1.4955000000E+01  -5.9092912254E-02  -6.0182260408E-02
 -1.4855000000E+01  -5.9068728626E-02  -6.0166874747E-02
 -1.4755000000E+01  -5.9044212607E-02  -6.0151330030E-02
 -1.4655000000E+01  -5.9019354275E-02  -6.0135622184E-02
 -1.4555000000E+01  -5.8994143273E-02  -6.0119746975E-02
 -1.4455000000E+01  -5.8968568781E-02  -6.0103700010E-02
 -1.4355000000E+01  -5.8942619493E-02  -6.0087476717E-02
 -1.4255000000E+01  -5.8916283580E-02  -6.0071072344E-02
 -1.4155000000E+01  -5.8889548667E-02  -6.0054481946E-02
 -1.4055000000E+01  -5.8862401792E-02  -6.0037700376E-02
 -1.3955000000E+01  -5.8834829375E-02  -6.0020722271E-02
 -1.3855000000E+01  -5.8806817174E-02  -6.0003542043E-02
 -1.3755000000E+01  -5.8778350246E-02  -5.9986153864E-02
 -1.3655000000E+01  -5.8749412898E-02  -5.9968551655E-02
 -1.3555000000E+01  -5.8719988640E-02  -5.9950729066E-02
 -1.3455000000E+01  -5.8690060130E-02  -5.9932679466E-02
 -1.3355000000E+01  -5.8659609114E-02  -5.9914395924E-02
 -1.3255000000E+01  -5.8628616364E-02  -5.9895871188E-02
 -1.3155000000E+01  -5.8597061609E-02  -5.9877097667E-02
 -1.3055000000E+01  -5.8564923460E-02  -5.9858067412E-02
 -1.2955000000E+01  -5.8532179326E-02  -5.9838772089E-02
 -1.2855000000E+01  -5.8498805326E-02  -5.9819202955E-02
 -1.2755000000E+01  -5.8464776193E-02  -5.9799350834E-02
 -1.2655000000E+01  -5.8430065161E-02  -5.9779206083E-02
 -1.2555000000E+01  -5.8394643852E-02  -5.9758758563E-02
 -1.2455000000E+01  -5.8358482147E-02  -5.9737997604E-02
 -1.2355000000E+01  -5.8321548040E-02  -5.9716911968E-02
 -1.2255000000E+01  -5.8283807482E-02  -5.9695489805E-02
 -1.2155000000E+01  -5.8245224210E-02  -5.9673718611E-02
 -1.2055000000E+01  -5.8205759552E-02  -5.9651585177E-02
 -1.1955000000E+01  -5.8165372217E-02  -5.9629075538E-02
 -1.1855000000E+01  -5.8124018054E-02  -5.9606174910E-02
 -1.1755000000E+01  -5.8081649792E-02  -5.9582867627E-02
 -1.1655000000E+01  -5.8038216744E-02  -5.9559137070E-02
 -1.1555000000E+01  -5.7993664480E-02  -5.9534965584E-02
 -1.1455000000E+01  -5.7947934455E-02  -5.9510334399E-02
 -1.1355000000E+01  -5.7900963594E-02  -5.9485223522E-02
 -1.1255000000E+01  -5.7852683828E-02  -5.9459611638E-02
 -1.1155000000E+01  -5.7803021561E-02  -5.9433475987E-02
 -1.1055000000E+01  -5.7751897073E-02  -5.9406792227E-02
 -1.0955000000E+01  -5.7699223836E-02  -5.9379534288E-02
 -1.0855000000E+01  -5.7644907740E-02  -5.9351674206E-02
 -1.0755000000E+01  -5.7588846201E-02  -5.9323181924E-02
 -1.0655000000E+01  -5.7530927140E-02  -5.9294025090E-02
 -1.0555000000E+01  -5.7471027805E-02  -5.9264168807E-02
 -1.0455000000E+01  -5.7409013410E-02  -5.9233575363E-02
 -1.0355000000E+01  -5.7344735552E-02  -5.9202203912E-02
 -1.0255000000E+01  -5.7278030362E-02  -5.9170010125E-02
 -1.0155000000E+01  -5.7208716344E-02  -5.9136945770E-02
 -1.0055000000E+01  -5.7136591824E-02  -5.9102958244E-02
 -9.9550000000E+00  -5.7061431931E-02  -5.9067990021E-02
 -9.8550000000E+00  -5.6982985006E-02  -5.9031978014E-02
 -9.7550000000E+00  -5.6900968303E-02  -5.8994852832E-02
 -9.6550000000E+00  -5.6815062801E-02  -5.8956537901E-02
 -9.5550000000E+00  -5.6724906930E-02  -5.8916948429E-02
 -9.4550000000E+00  -5.6630088887E-02  -5.8875990176E-02
 -9.3550000000E+00  -5.6530137196E-02  -5.8833557981E-02
 -9.2550000000E+00  -5.6424508978E-02  -5.8789533992E-02
 -9.1550000000E+00  -5.6312575271E-02  -5.8743785513E-02
 -9.0550000000E+00  -5.6193602466E-02  -5.8696162371E-02
 -8.9550000000E+00  -5.6066728578E-02  -5.8646493671E-02
 -8.8550000000E+00  -5.5930932569E-02  -5.8594583748E-02
 -8.7550000000E+00  -5.5784994184E-02  -5.8540207064E-02
 -8.6550000000E+00  -5.5627440608E-02  -5.8483101720E-02
 -8.5550000000E+00  -5.5456474523E-02  -5.8422961064E-02
 -8.4550000000E+00  -5.5269875378E-02  -5.8359422712E-02
 -8.3550000000E+00  -5.5064861237E-02  -5.8292053932E-02
 -8.2550000000E+00  -5.4837891161E-02  -5.8220331835E-02
 -8.1550000000E+00  -5.4584375378E-02  -5.8143615959E-02
 -8.0550000000E+00  -5.4298237820E-02  -5.8061109423E-02
 -7.9550000000E+00  -5.3971233384E-02  -5.7971802327E-02
 -7.8550000000E+00  -5.3591839805E-02  -5.7874386573E-02
 -7.7550000000E+00  -5.3143372946E-02  -5.7767122635E-02
 -7.6550000000E+00  -5.2600594081E-02  -5.7647621152E-02
 -7.5550000000E+00  -5.1923157547E-02  -5.7512463557E-02
 -7.4550000000E+00  -5.1041770962E-02  -5.7356492711E-02
 -7.3550000000E+00  -4.9825302989E-02  -5.7171351623E-02
 -7.2550000000E+00  -4.7988798001E-02  -5.6942043976E-02
 -7.1550000000E+00  -4.4766957810E-02  -5.6637091413E-02
 -7.0550000000E+00  -3.7236843032E-02  -5.6170128146E-02
 -6.9550000000E+00  -8.9873838161E-03  -5.5171928557E-02
 -6.8550000000E+00   3.7914388022E-02  -5.2655846292E-02
 -6.7550000000E+00   4.7789107940E-02  -4.9277230640E-02
 -6.6550000000E+00   4.2513133528E-02  -4.6070621590E-02
 -6.5550000000E+00   3.1047181519E-02  -4.3363620579E-02
 -6.4550000000E+00   1.6509783610E-02  -4.1280363883E-02
 -6.3550000000E+00   1.4336262700E-03  -3.9834700737E-02
 -6.2550000000E+00  -1.2303066514E-02  -3.8956994625E-02
 -6.1550000000E+00  -2.3588333285E-02  -3.8528784539E-02
 -6.0550000000E+00  -3.2226339692E-02  -3.8415246750E-02
 -5.9550000000E+00  -3.9231708984E-02  -3.8510632664E-02
 -5.8550000000E+00  -4.5445094283E-02  -3.8756813173E-02
 -5.7550000000E+00  -5.0960725416E-02  -3.9119221301E-02
 -5.6550000000E+00  -5.5457880683E-02  -3.9562547810E-02
 -5.5550000000E+00  -5.8761768622E-02  -4.0045987879E-02
 -5.4550000000E+00  -6.1013911921E-02  -4.0533009226E-02
 -5.3550000000E+00  -6.2480582768E-02  -4.0998601320E-02
 -5.2550000000E+00  -6.3398231991E-02  -4.1429052288E-02
 -5.1550000000E+00  -6.3937082858E-02  -4.1818655940E-02
 -5.0550000000E+00  -6.4212155191E-02  -4.2166582710E-02
 -4.9550000000E+00  -6.4300380393E-02  -4.2474691787E-02
 -4.8550000000E+00  -6.4253684119E-02  -4.2746156079E-02
 -4.7550000000E+00  -6.4107687727E-02  -4.2984642329E-02
 -4.6550000000E+00  -6.3887297784E-02  -4.3193843831E-02
 -4.5550000000E+00  -6.3610282320E-02  -4.3377230231E-02
 -4.4550000000E+00  -6.3289573554E-02  -4.3537928051E-02
 -4.3550000000E+00  -6.2934765363E-02  -4.3678677904E-02
 -4.2550000000E+00  -6.2553097506E-02  -4.3801834929E-02
 -4.1550000000E+00  -6.2150108914E-02  -4.3909391998E-02
 -4.0550000000E+00  -6.1730074637E-02  -4.4003013293E-02
 -3.9550000000E+00  -6.1296299139E-02  -4.4084070976E-02
 -3.8550000000E+00  -6.0851312388E-02  -4.4153680743E-02
 -3.7550000000E+00  -6.0396998572E-02  -4.4212733996E-02
 -3.6550000000E+00  -5.9934676490E-02  -4.4261925480E-02
 -3.5550000000E+00  -5.9465143400E-02  -4.4301775879E-02
 -3.4550000000E+00  -5.8988688980E-02  -4.4332649186E-02
 -3.3550000000E+00  -5.8505081940E-02  -4.4354764786E-02
 -3.2550000000E+00  -5.8013528122E-02  -4.4368204096E-02
 -3.1550000000E+00  -5.7512594687E-02  -4.4372911466E-02
 -3.0550000000E+00  -5.7000089499E-02  -4.4368688645E-02
 -2.9550000000E+00  -5.6472876463E-02  -4.4355181545E-02
 -2.8550000000E+00  -5.5926593951E-02  -4.4331857129E-02
 -2.7550000000E+00  -5.5355219595E-02  -4.4297966665E-02
 -2.6550000000E+00  -5.4750380742E-02  -4.4252488988E-02
 -2.5550000000E+00  -5.4100224198E-02  -4.4194042630E-02
 -2.4550000000E+00  -5.3387481623E-02  -4.4120746629E-02
 -2.3550000000E+00  -5.2585973940E-02  -4.4029991498E-02
 -2.2550000000E+00  -5.1653850557E-02  -4.3918041821E-02
 -2.1550000000E+00  -5.0519326704E-02  -4.3779296163E-02
 -2.0550000000E+00  -4.9046964848E-02  -4.3604772706E-02
 -1.9550000000E+00  -4.6944607370E-02  -4.3378584466E-02
 -1.8550000000E+00  -4.3443285808E-02  -4.3068072302E-02
 -1.7550000000E+00  -3.5789790389E-02  -4.2587399469E-02
 -1.6550000000E+00  -1.1365627981E-02  -4.1615501161E-02
 -1.5550000000E+00   2.8318561048E-02  -3.9399904193E-02
 -1.4550000000E+00   3.9879313433E-02  -3.6363491278E-02
 -1.3550000000E+00   3.4907266940E-02  -3.3408834448E-02
 -1.2550000000E+00   2.3137752567E-02  -3.0869970372E-02
 -1.1550000000E+00   8.7825621767E-03  -2.8822115040E-02
 -1.0550000000E+00  -5.3955107598E-03  -2.7206365249E-02
 -9.5500000000E-01  -1.7711431865E-02  -2.5885314230E-02
 -8.5500000000E-01  -2.7322995691E-02  -2.4686245186E-02
 -7.5500000000E-01  -3.4567959155E-02  -2.3439207768E-02
 -6.5500000000E-01  -4.0428033725E-02  -2.2012202191E-02
 -5.5500000000E-01  -4.5449603439E-02  -2.0303230538E-02
 -4.5500000000E-01  -4.9663830140E-02  -1.8212223734E-02
 -3.5500000000E-01  -5.2891096483E-02  -1.5621537166E-02
 -2.5500000000E-01  -5.5048920806E-02  -1.2392847400E-02
 -1.5500000000E-01  -5.6223493206E-02  -8.3800975010E-03
 -5.5000000000E-02  -5.6567858336E-02  -3.3351015421E-03
  4.5000000000E-02  -5.6203981133E-02   3.1338036421E-03
  1.4500000000E-01  -5.5195664875E-02   1.1261878548E-02
  2.4500000000E-01  -5.3571536509E-02   2.0713615986E-02
  3.4500000000E-01  -5.1371399355E-02   3.0240314749E-02
  4.4500000000E-01  -4.8659967604E-02   3.8231377094E-02
  5.4500000000E-01  -4.5425789337E-02   4.3856603372E-02
  6.4500000000E-01  -4.1332771461E-02   4.7326429707E-02
  7.4500000000E-01  -3.5193693900E-02   4.9285462542E-02
  8.4500000000E-01  -2.3712173980E-02   5.0320586828E-02
  9.4500000000E-01  -4.5324229624E-03   5.0832938467E-02
  1.0450000000E+00   9.5132420137E-03   5.0889604969E-02
  1.1450000000E+00   1.1346331501E-02   5.0408089703E-02
  1.2450000000E+00   5.4645585357E-03   4.9476202907E-02
  1.3450000000E+00  -3.6091773719E-03   4.8220043877E-02
  1.4450000000E+00  -1.2998982523E-02   4.6724927452E-02
  1.5450000000E+00  -2.1085189091E-02   4.5040168720E-02
  1.6450000000E+00  -2.7244909615E-02   4.3191690229E-02
  1.7450000000E+00  -3.1698304140E-02   4.1188954738E-02
  1.8450000000E+00  -3.4947737021E-02   3.9033409857E-02
  1.9450000000E+00  -3.7391218960E-02   3.6725858865E-02
  2.0450000000E+00  -3.9273659239E-02   3.4268610540E-02
  2.1450000000E+00  -4.0737019552E-02   3.1665210189E-02
  2.2450000000E+00  -4.1866880226E-02   2.8919873145E-02
  2.3450000000E+00  -4.2720200107E-02   2.6037100100E-02
  2.4450000000E+00  -4.3339245064E-02   2.3021430520E-02
  2.5450000000E+00  -4.3757640906E-02   1.9877211630E-02
  2.6450000000E+00  -4.4002451991E-02   1.6608252932E-02
  2.7450000000E+00  -4.4094433378E-02   1.3217207665E-02
  2.8450000000E+00  -4.4047444217E-02   9.7044674381E-03
  2.9450000000E+00  -4.3867037540E-02   6.1420354696E-03
  3.0450000000E+00  -4.3467508222E-02   4.7316938908E-03
  3.1450000000E+00  -4.2723053909E-02   3.6133672311E-03
  3.2450000000E+00  -4.1538633750E-02   2.4857868865E-03
  3.3450000000E+00  -3.9707396387E-02   1.3457811883E-03
  3.4450000000E+00  -3.6791602379E-02   1.9368665704E-04
  3.5450000000E+00  -3.1852376942E-02  -9.6737584604E-04
  3.6450000000E+00  -2.3195105281E-02  -2.1290449694E-03
  3.7450000000E+00  -1.1080132938E-02  -3.2907099680E-03
  3.8450000000E+00  -2.4772763575E-03  -4.4997648307E-03
  3.9450000000E+00  -1.3704431204E-03  -5.8027262246E-03
  4.0450000000E+00  -5.7169069952E-03  -7.2030313552E-03
  4.1450000000E+00  -1.2576826822E-02  -8.6935132022E-03
  4.2450000000E+00  -1.9784042218E-02  -1.0271681192E-02
  4.3450000000E+00  -2.6080147962E-02  -1.1779836951E-02
  4.4450000000E+00  -3.1140607333E-02  -1.3096363548E-02
  4.5450000000E+00  -3.5206716454E-02  -1.4267200059E-02
  4.6450000000E+00  -3.8604284573E-02  -1.5328145372E-02
  4.7450000000E+00  -4.1558511580E-02  -1.6304348144E-02
  4.8450000000E+00  -4.4179800324E-02  -1.7213739424E-02
  4.9450000000E+00  -4.6494825116E-02  -1.8069361945E-02
  5.0450000000E+00  -4.8487200591E-02  -1.8880946228E-02
  5.1450000000E+00  -5.0135823000E-02  -1.9656016777E-02
  5.2450000000E+00  -5.1438899984E-02  -2.0400647651E-02
  5.3450000000E+00  -5.2418744630E-02  -2.1119922177E-02
  5.4450000000E+00  -5.3113935310E-02  -2.1818179563E-02
  5.5450000000E+00  -5.3568824821E-02  -2.2499147894E-02
  5.6450000000E+00  -5.3826008414E-02  -2.3166033140E-02
  5.7450000000E+00  -5.3922581689E-02  -2.3821593579E-02
  5.8450000000E+00  -5.3889006113E-02  -2.4468205875E-02
  5.9450000000E+00  -5.3749291194E-02  -2.5107921942E-02
  6.0450000000E+00  -5.3521653249E-02  -2.5742515445E-02
  6.1450000000E+00  -5.3219210116E-02  -2.6373517844E-02
  6.2450000000E+00  -5.2850501649E-02  -2.7002244437E-02
  6.3450000000E+00  -5.2419724000E-02  -2.7629810719E-02
  6.4450000000E+00  -5.1926575562E-02  -2.8257138651E-02
  6.5450000000E+00  -5.1365549050E-02  -2.8884950883E-02
  6.6450000000E+00  -5.0724340726E-02  -2.9513748174E-02
  6.7450000000E+00  -4.9980683853E-02  -3.0143759418E-02
  6.8450000000E+00  -4.9096066652E-02  -3.0774840920E-02
  6.9450000000E+00  -4.8002643356E-02  -3.1406270342E-02
  7.0450000000E+00  -4.6573531807E-02  -3.2036295929E-02
  7.1450000000E+00  -4.4546740622E-02  -3.2661038546E-02
  7.2450000000E+00  -4.1296066201E-02  -3.3271385450E-02
  7.3450000000E+00  -3.4994667590E-02  -3.3842354942E-02
  7.4450000000E+00  -1.9692956867E-02  -3.4292888333E-02
  7.5450000000E+00   7.2105791176E-03  -3.4484162035E-02
  7.6450000000E+00   2.2325688626E-02  -3.4645394308E-02
  7.7450000000E+00   2.1897043736E-02  -3.5076313003E-02
  7.8450000000E+00   1.3264632603E-02  -3.5762710838E-02
  7.9450000000E+00   1.2507116278E-03  -3.6613565346E-02
  8.0450000000E+00  -1.1069158855E-02  -3.7548873170E-02
  8.1450000000E+00  -2.1847457417E-02  -3.8507920168E-02
  8.2450000000E+00  -3.0321206502E-02  -3.9449145785E-02
  8.3450000000E+00  -3.6979599950E-02  -4.0357595825E-02
  8.4450000000E+00  -4.2620031673E-02  -4.1241876329E-02
  8.5450000000E+00  -4.7632365332E-02  -4.2115382020E-02
  8.6450000000E+00  -5.1992528573E-02  -4.2984291755E-02
  8.7450000000E+00  -5.5538802387E-02  -4.3846102593E-02
  8.8450000000E+00  -5.8233184556E-02  -4.4694998586E-02
  8.9450000000E+00  -6.0190418340E-02  -4.5527188295E-02
  9.0450000000E+00  -6.1578813245E-02  -4.6342184255E-02
  9.1450000000E+00  -6.2550301915E-02  -4.7141554799E-02
  9.2450000000E+00  -6.3221429294E-02  -4.7927496946E-02
  9.3450000000E+00  -6.3676740731E-02  -4.8702008228E-02
  9.4450000000E+00  -6.3976738130E-02  -4.9466554460E-02
  9.5450000000E+00  -6.4164843697E-02  -5.0222000730E-02
  9.6450000000E+00  -6.4272510098E-02  -5.0968654575E-02
  9.7450000000E+00  -6.4322779570E-02  -5.1706347461E-02
  9.8450000000E+00  -6.4332728084E-02  -5.2434523336E-02
  9.9450000000E+00  -6.4315144268E-02  -5.3152322812E-02
  1.0045000000E+01  -6.4279690262E-02  -5.3858659829E-02
  1.0145000000E+01  -6.4233712291E-02  -5.4552290659E-02
  1.0245000000E+01  -6.4182813399E-02  -5.5231875975E-02
  1.0345000000E+01  -6.4131263653E-02  -5.5896036670E-02
  1.0445000000E+01  -6.4082298406E-02  -5.6543403833E-02
  1.0545000000E+01  -6.4038338805E-02  -5.7172662994E-02
  1.0645000000E+01  -6.4001157782E-02  -5.7782592492E-02
  1.0745000000E+01  -6.3972007452E-02  -5.8372095738E-02
  1.0845000000E+01  -6.3951718820E-02  -5.8940227101E-02
  1.0945000000E+01  -6.3940781396E-02  -5.9486211263E-02
  1.1045000000E+01  -6.3939407922E-02  -6.0009456016E-02
  1.1145000000E+01  -6.3947587876E-02  -6.0509558674E-02
  1.1245000000E+01  -6.3965132291E-02  -6.0986306492E-02
  1.1345000000E+01  -6.3991711672E-02  -6.1439671668E-02
  1.1445000000E+01  -6.4026888276E-02  -6.1869801677E-02
  1.1545000000E+01  -6.4070143660E-02  -6.2277005781E-02
  1.1645000000E+01  -6.4120902178E-02  -6.2661738647E-02
  1.1745000000E+01  -6.4178550913E-02  -6.3024581987E-02
  1.1845000000E+01  -6.4242456478E-02  -6.3366225104E-02
  1.1945000000E+01  -6.4311979010E-02  -6.3687445143E-02
  1.2045000000E+01  -6.4386483664E-02  -6.3989087718E-02
  1.2145000000E+01  -6.4465349881E-02  -6.4272048487E-02
  1.2245000000E+01  -6.4547978678E-02  -6.4537256092E-02
  1.2345000000E+01  -6.4633798213E-02  -6.4785656751E-02
  1.2445000000E+01  -6.4722267831E-02  -6.5018200681E-02
  1.2545000000E+01  -6.4812880828E-02  -6.5235830436E-02
  1.2645000000E+01  -6.4905166115E-02  -6.5439471128E-02
  1.2745000000E+01  -6.4998688965E-02  -6.5630022471E-02
  1.2845000000E+01  -6.5093051023E-02  -6.5808352523E-02
  1.2945000000E+01  -6.5187889709E-02  -6.5975292963E-02
  1.3045000000E+01  -6.5282877162E-02  -6.6131635738E-02
  1.3145000000E+01  -6.5377718826E-02  -6.6278130896E-02
  1.3245000000E+01  -6.5472151783E-02  -6.6415485434E-02
  1.3345000000E+01  -6.5565942922E-02  -6.6544362980E-02
  1.3445000000E+01  -6.5658886992E-02  -6.6665384173E-02
  1.3545000000E+01  -6.5750804621E-02  -6.6779127575E-02
  1.3645000000E+01  -6.5841540324E-02  -6.6886131012E-02
  1.3745000000E+01  -6.5930960549E-02  -6.6986893220E-02
  1.3845000000E+01  -6.6018951780E-02  -6.7081875716E-02
  1.3945000000E+01  -6.6105418721E-02  -6.7171504805E-02
  1.4045000000E+01  -6.6190282571E-02  -6.7256173668E-02
  1.4145000000E+01  -6.6273479401E-02  -6.7336244481E-02
  1.4245000000E+01  -6.6354958636E-02  -6.7412050513E-02
  1.4345000000E+01  -6.6434681651E-02  -6.7483898186E-02
  1.4445000000E+01  -6.6512620464E-02  -6.7552069066E-02
  1.4545000000E+01  -6.6588756540E-02  -6.7616821767E-02
  1.4645000000E+01  -6.6663079700E-02  -6.7678393758E-02
  1.4745000000E+01  -6.6735587118E-02  -6.7737003075E-02
  1.4845000000E+01  -6.6806282413E-02  -6.7792849914E-02
  1.4945000000E+01  -6.6875174829E-02  -6.7846118127E-02
  1.5045000000E+01  -6.6942278488E-02  -6.7896976604E-02
  1.5145000000E+01  -6.7007611723E-02  -6.7945580558E-02
  1.5245000000E+01  -6.7071196476E-02  -6.7992072705E-02
  1.5345000000E+01  -6.7133057755E-02  -6.8036584352E-02
  1.5445000000E+01  -6.7193223158E-02  -6.8079236394E-02
  1.5545000000E+01  -6.7251722436E-02  -6.8120140228E-02
  1.5645000000E+01  -6.7308587112E-02  -6.8159398588E-02
  1.5745000000E+01  -6.7363850142E-02  -6.8197106309E-02
  1.5845000000E+01  -6.7417545610E-02  -6.8233351016E-02
  1.5945000000E+01  -6.7469708464E-02  -6.8268213763E-02
  1.6045000000E+01  -6.7520374278E-02  -6.8301769606E-02
  1.6145000000E+01  -6.7569579050E-02  -6.8334088125E-02
  1.6245000000E+01  -6.7617359013E-02  -6.8365233900E-02
  1.6345000000E+01  -6.7663750485E-02  -6.8395266945E-02
  1.6445000000E+01  -6.7708789724E-02  -6.8424243095E-02
  1.6545000000E+01  -6.7752512814E-02  -6.8452214369E-02
  1.6645000000E+01  -6.7794955556E-02  -6.8479229285E-02
  1.6745000000E+01  -6.7836153385E-02  -6.8505333159E-02
  1.6845000000E+01  -6.7876141290E-02  -6.8530568367E-02
  1.6945000000E+01  -6.7914953755E-02  -6.8554974589E-02
  1.7045000000E+01  -6.7952624698E-02  -6.8578589027E-02
  1.7145000000E+01  -6.7989187433E-02  -6.8601446605E-02
  1.7245000000E+01  -6.8024674631E-02  -6.8623580150E-02
  1.7345000000E+01  -6.8059118292E-02  -6.8645020553E-02
  1.7445000000E+01  -6.8092549717E-02  -6.8665796923E-02
  1.7545000000E+01  -6.8124999498E-02  -6.8685936722E-02
  1.7645000000E+01  -6.8156497500E-02  -6.8705465886E-02
  1.7745000000E+01  -6.8187072856E-02  -6.8724408940E-02
  1.7845000000E+01  -6.8216753958E-02  -6.8742789101E-02
  1.7945000000E+01  -6.8245568460E-02  -6.8760628372E-02
  1.8045000000E+01  -6.8273543280E-02  -6.8777947626E-02
  1.8145000000E+01  -6.8300704599E-02  -6.8794766684E-02
  1.8245000000E+01  -6.8327077872E-02  -6.8811104390E-02
  1.8345000000E+01  -6.8352687833E-02  -6.8826978672E-02
  1.8445000000E+01  -6.8377558506E-02  -6.8842406604E-02
  1.8545000000E+01  -6.8401713216E-02  -6.8857404463E-02
  1.8645000000E+01  -6.8425174597E-02  -6.8871987774E-02
  1.8745000000E+01  -6.8447964611E-02  -6.8886171362E-02
  1.8845000000E+01  -6.8470104556E-02  -6.8899969393E-02
  1.8945000000E+01  -6.8491615083E-02  -6.8913395410E-02
  1.9045000000E+01  -6.8512516208E-02  -6.8926462376E-02
  1.9145000000E+01  -6.8532827329E-02  -6.8939182698E-02
  1.9245000000E+01  -6.8552567241E-02  -6.8951568268E-02
  1.9345000000E+01  -6.8571754149E-02  -6.8963630485E-02
  1.9445000000E+01  -6.8590405685E-02  -6.8975380283E-02
  1.9545000000E+01  -6.8608538923E-02  -6.8986828157E-02
  1.9645000000E+01  -6.8626170394E-02  -6.8997984182E-02
  1.9745000000E+01  -6.8643316100E-02  -6.9008858042E-02
  1.9845000000E+01  -6.8659991532E-02  -6.9019459040E-02
  1.9945000000E+01  -6.8676211680E-02  -6.9029796124E-02
  2.0045000000E+01  -6.8691991053E-02  -6.9039877901E-02
  2.0145000000E+01  -6.8707343689E-02  -6.9049712652E-02
  2.0245000000E+01  -6.8722283171E-02  -6.9059308351E-02
  2.0345000000E+01  -6.8736822641E-02  -6.9068672676E-02
  2.0445000000E+01  -6.8750974813E-02  -6.9077813021E-02
  2.0545000000E+01  -6.8764751985E-02  -6.9086736515E-02
  2.0645000000E+01  -6.8778166055E-02  -6.9095450025E-02
  2.0745000000E+01  -6.8791228531E-02  -6.9103960173E-02
  2.0845000000E+01  -6.8803950543E-02  -6.9112273345E-02
  2.0945000000E+01  -6.8816342857E-02  -6.9120395701E-02
  2.1045000000E+01  -6.8828415886E-02  -6.9128333183E-02
  2.1145000000E+01  -6.8840179700E-02  -6.9136091526E-02
  2.1245000000E+01  -6.8851644040E-02  -6.9143676263E-02
  2.1345000000E+01  -6.8862818323E-02  -6.9151092737E-02
  2.1445000000E+01  -6.8873711661E-02  -6.9158346107E-02
  2.1545000000E+01  -6.8884332862E-02  -6.9165441352E-02
  2.1645000000E+01  -6.8894690446E-02  -6.9172383283E-02
  2.1745000000E+01  -6.8904792653E-02  -6.9179176548E-02
  2.1845000000E+01  -6.8914647450E-02  -6.9185825633E-02
  2.1945000000E+01  -6.8924262543E-02  -6.9192334876E-02
  2.2045000000E+01  -6.8933645383E-02  -6.9198708468E-02
  2.2145000000E+01  -6.8942803178E-02  -6.9204950458E-02
  2.2245000000E+01  -6.8951742896E-02  -6.9211064760E-02
  2.2345000000E+01  -6.8960471278E-02  -6.9217055158E-02
  2.2445000000E+01  -6.8968994840E-02  -6.9222925307E-02
  2.2545000000E+01  -6.8977319888E-02  -6.9228678744E-02
  2.2645000000E+01  -6.8985452517E-02  -6.9234318888E-02
  2.2745000000E+01  -6.8993398623E-02  -6.9239849042E-02
  2.2845000000E+01  -6.9001163908E-02  -6.9245272403E-02
  2.2945000000E+01  -6.9008753887E-02  -6.9250592062E-02
  2.3045000000E+01  -6.9016173893E-02  -6.9255811008E-02
  2.3145000000E+01  -6.9023429086E-02  -6.9260932131E-02
  2.3245000000E+01  -6.9030524454E-02  -6.9265958229E-02
  2.3345000000E+01  -6.9037464823E-02  -6.9270892006E-02
  2.3445000000E+01  -6.9044254860E-02  -6.9275736078E-02
  2.3545000000E+01  -6.9050899081E-02  -6.9280492977E-02
  2.3645000000E+01  -6.9057401851E-02  -6.9285165152E-02
  2.3745000000E+01  -6.9063767395E-02  -6.9289754973E-02
  2.3845000000E+01  -6.9069999799E-02  -6.9294264731E-02
  2.3945000000E+01  -6.9076103014E-02  -6.9298696646E-02
  2.4045000000E+01  -6.9082080863E-02  -6.9303052863E-02
  2.4145000000E+01  -6.9087937045E-02  -6.9307335460E-02
  2.4245000000E+01  -6.9093675138E-02  -6.9311546448E-02
  2.4345000000E+01  -6.9099298602E-02  -6.9315687771E-02
  2.4445000000E+01  -6.9104810785E-02  -6.9319761314E-02
  2.4545000000E+01  -6.9110214927E-02  -6.9323768897E-02
  2.4645000000E+01  -6.9115514161E-02  -6.9327712286E-02
  2.4745000000E+01  -6.9120711520E-02  -6.9331593188E-02
  2.4845000000E+01  -6.9125809936E-02  -6.9335413255E-02
  2.4945000000E+01  -6.9130812248E-02  -6.9339174089E-02
