 -1.0000000000E+02   9.9330721556E-01   2.7399440891E-01
 -9.9900000000E+01   9.9319549956E-01   2.7401735489E-01
 -9.9800000000E+01   9.9308193179E-01   2.7404056450E-01
 -9.9700000000E+01   9.9296648199E-01   2.7406404078E-01
 -9.9600000000E+01   9.9284911941E-01   2.7408778677E-01
 -9.9500000000E+01   9.9272981284E-01   2.7411180556E-01
 -9.9400000000E+01   9.9260853056E-01   2.7413610027E-01
 -9.9300000000E+01   9.9248524034E-01   2.7416067408E-01
 -9.9200000000E+01   9.9235990946E-01   2.7418553017E-01
 -9.9100000000E+01   9.9223250468E-01   2.7421067179E-01
 -9.9000000000E+01   9.9210299223E-01   2.7423610219E-01
 -9.8900000000E+01   9.9197133780E-01   2.7426182468E-01
 -9.8800000000E+01   9.9183750657E-01   2.7428784262E-01
 -9.8700000000E+01   9.9170146314E-01   2.7431415938E-01
 -9.8600000000E+01   9.9156317157E-01   2.7434077839E-01
 -9.8500000000E+01   9.9142259537E-01   2.7436770310E-01
 -9.8400000000E+01   9.9127969746E-01   2.7439493701E-01
 -9.8300000000E+01   9.9113444019E-01   2.7442248367E-01
 -9.8200000000E+01   9.9098678531E-01   2.7445034666E-01
 -9.8100000000E+01   9.9083669399E-01   2.7447852958E-01
 -9.8000000000E+01   9.9068412679E-01   2.7450703612E-01
 -9.7900000000E+01   9.9052904366E-01   2.7453586996E-01
 -9.7800000000E+01   9.9037140393E-01   2.7456503486E-01
 -9.7700000000E+01   9.9021116628E-01   2.7459453460E-01
 -9.7600000000E+01   9.9004828878E-01   2.7462437301E-01
 -9.7500000000E+01   9.8988272883E-01   2.7465455397E-01
 -9.7400000000E+01   9.8971444318E-01   2.7468508140E-01
 -9.7300000000E+01   9.8954338793E-01   2.7471595925E-01
 -9.7200000000E+01   9.8936951847E-01   2.7474719155E-01
 -9.7100000000E+01   9.8919278954E-01   2.7477878233E-01
 -9.7000000000E+01   9.8901315517E-01   2.7481073570E-01
 -9.6900000000E+01   9.8883056867E-01   2.7484305581E-01
 -9.6800000000E+01   9.8864498268E-01   2.7487574684E-01
 -9.6700000000E+01   9.8845634907E-01   2.7490881305E-01
 -9.6600000000E+01   9.8826461901E-01   2.7494225871E-01
 -9.6500000000E+01   9.8806974292E-01   2.7497608817E-01
 -9.6400000000E+01   9.8787167045E-01   2.7501030580E-01
 -9.6300000000E+01   9.8767035052E-01   2.7504491606E-01
 -9.6200000000E+01   9.8746573125E-01   2.7507992342E-01
 -9.6100000000E+01   9.8725775998E-01   2.7511533242E-01
 -9.6000000000E+01   9.8704638328E-01   2.7515114765E-01
 -9.5900000000E+01   9.8683154689E-01   2.7518737375E-01
 -9.5800000000E+01   9.8661319576E-01   2.7522401541E-01
 -9.5700000000E+01   9.8639127399E-01   2.7526107738E-01
 -9.5600000000E+01   9.8616572486E-01   2.7529856447E-01
 -9.5500000000E+01   9.8593649082E-01   2.7533648151E-01
 -9.5400000000E+01   9.8570351342E-01   2.7537483343E-01
 -9.5300000000E+01   9.8546673340E-01   2.7541362519E-01
 -9.5200000000E+01   9.8522609057E-01   2.7545286181E-01
 -9.5100000000E+01   9.8498152389E-01   2.7549254837E-01
 -9.5000000000E+01   9.8473297140E-01   2.7553268999E-01
 -9.4900000000E+01   9.8448037024E-01   2.7557329189E-01
 -9.4800000000E+01   9.8422365661E-01   2.7561435930E-01
 -9.4700000000E+01   9.8396276579E-01   2.7565589754E-01
 -9.4600000000E+01   9.8369763213E-01   2.7569791198E-01
 -9.4500000000E+01   9.8342818900E-01   2.7574040805E-01
 -9.4400000000E+01   9.8315436882E-01   2.7578339125E-01
 -9.4300000000E+01   9.8287610301E-01   2.7582686713E-01
 -9.4200000000E+01   9.8259332204E-01   2.7587084131E-01
 -9.4100000000E+01   9.8230595534E-01   2.7591531947E-01
 -9.4000000000E+01   9.8201393134E-01   2.7596030735E-01
 -9.3900000000E+01   9.8171717746E-01   2.7600581077E-01
 -9.3800000000E+01   9.8141562006E-01   2.7605183560E-01
 -9.3700000000E+01   9.8110918448E-01   2.7609838778E-01
 -9.3600000000E+01   9.8079779498E-01   2.7614547333E-01
 -9.3500000000E+01   9.8048137477E-01   2.7619309831E-01
 -9.3400000000E+01   9.8015984595E-01   2.7624126888E-01
 -9.3300000000E+01   9.7983312955E-01   2.7628999125E-01
 -9.3200000000E+01   9.7950114549E-01   2.7633927170E-01
 -9.3100000000E+01   9.7916381258E-01   2.7638911658E-01
 -9.3000000000E+01   9.7882104848E-01   2.7643953234E-01
 -9.2900000000E+01   9.7847276973E-01   2.7649052545E-01
 -9.2800000000E+01   9.7811889172E-01   2.7654210250E-01
 -9.2700000000E+01   9.7775932867E-01   2.7659427012E-01
 -9.2600000000E+01   9.7739399363E-01   2.7664703505E-01
 -9.2500000000E+01   9.7702279846E-01   2.7670040407E-01
 -9.2400000000E+01   9.7664565383E-01   2.7675438407E-01
 -9.2300000000E+01   9.7626246920E-01   2.7680898198E-01
 -9.2200000000E+01   9.7587315281E-01   2.7686420483E-01
 -9.2100000000E+01   9.7547761168E-01   2.7692005974E-01
 -9.2000000000E+01   9.7507575158E-01   2.7697655388E-01
 -9.1900000000E+01   9.7466747702E-01   2.7703369452E-01
 -9.1800000000E+01   9.7425269126E-01   2.7709148902E-01
 -9.1700000000E+01   9.7383129630E-01   2.7714994480E-01
 -9.1600000000E+01   9.7340319283E-01   2.7720906937E-01
 -9.1500000000E+01   9.7296828026E-01   2.7726887034E-01
 -9.1400000000E+01   9.7252645670E-01   2.7732935538E-01
 -9.1300000000E+01   9.7207761893E-01   2.7739053227E-01
 -9.1200000000E+01   9.7162166243E-01   2.7745240885E-01
 -9.1100000000E+01   9.7115848133E-01   2.7751499308E-01
 -9.1000000000E+01   9.7068796842E-01   2.7757829299E-01
 -9.0900000000E+01   9.7021001514E-01   2.7764231669E-01
 -9.0800000000E+01   9.6972451157E-01   2.7770707241E-01
 -9.0700000000E+01   9.6923134641E-01   2.7777256844E-01
 -9.0600000000E+01   9.6873040701E-01   2.7783881318E-01
 -9.0500000000E+01   9.6822157929E-01   2.7790581512E-01
 -9.0400000000E+01   9.6770474782E-01   2.7797358286E-01
 -9.0300000000E+01   9.6717979573E-01   2.7804212507E-01
 -9.0200000000E+01   9.6664660476E-01   2.7811145052E-01
 -9.0100000000E+01   9.6610505524E-01   2.7818156810E-01
 -9.0000000000E+01   9.6555502606E-01   2.7825248678E-01
 -8.9900000000E+01   9.6499639468E-01   2.7832421564E-01
 -8.9800000000E+01   9.6442903715E-01   2.7839676384E-01
 -8.9700000000E+01   9.6385282804E-01   2.7847014068E-01
 -8.9600000000E+01   9.6326764050E-01   2.7854435552E-01
 -8.9500000000E+01   9.6267334622E-01   2.7861941786E-01
 -8.9400000000E+01   9.6206981545E-01   2.7869533729E-01
 -8.9300000000E+01   9.6145691695E-01   2.7877212350E-01
 -8.9200000000E+01   9.6083451805E-01   2.7884978630E-01
 -8.9100000000E+01   9.6020248458E-01   2.7892833561E-01
 -8.9000000000E+01   9.5956068094E-01   2.7900778144E-01
 -8.8900000000E+01   9.5890897004E-01   2.7908813393E-01
 -8.8800000000E+01   9.5824721331E-01   2.7916940333E-01
 -8.8700000000E+01   9.5757527073E-01   2.7925160000E-01
 -8.8600000000E+01   9.5689300080E-01   2.7933473441E-01
 -8.8500000000E+01   9.5620026055E-01   2.7941881717E-01
 -8.8400000000E+01   9.5549690554E-01   2.7950385896E-01
 -8.8300000000E+01   9.5478278987E-01   2.7958987063E-01
 -8.8200000000E+01   9.5405776616E-01   2.7967686312E-01
 -8.8100000000E+01   9.5332168560E-01   2.7976484750E-01
 -8.8000000000E+01   9.5257439788E-01   2.7985383495E-01
 -8.7900000000E+01   9.5181575129E-01   2.7994383680E-01
 -8.7800000000E+01   9.5104559263E-01   2.8003486447E-01
 -8.7700000000E+01   9.5026376729E-01   2.8012692953E-01
 -8.7600000000E+01   9.4947011923E-01   2.8022004368E-01
 -8.7500000000E+01   9.4866449097E-01   2.8031421873E-01
 -8.7400000000E+01   9.4784672364E-01   2.8040946663E-01
 -8.7300000000E+01   9.4701665694E-01   2.8050579948E-01
 -8.7200000000E+01   9.4617412922E-01   2.8060322947E-01
 -8.7100000000E+01   9.4531897742E-01   2.8070176896E-01
 -8.7000000000E+01   9.4445103714E-01   2.8080143044E-01
 -8.6900000000E+01   9.4357014260E-01   2.8090222652E-01
 -8.6800000000E+01   9.4267612671E-01   2.8100416997E-01
 -8.6700000000E+01   9.4176882108E-01   2.8110727369E-01
 -8.6600000000E+01   9.4084805598E-01   2.8121155071E-01
 -8.6500000000E+01   9.3991366044E-01   2.8131701422E-01
 -8.6400000000E+01   9.3896546222E-01   2.8142367756E-01
 -8.6300000000E+01   9.3800328783E-01   2.8153155418E-01
 -8.6200000000E+01   9.3702696258E-01   2.8164065772E-01
 -8.6100000000E+01   9.3603631061E-01   2.8175100195E-01
 -8.6000000000E+01   9.3503115486E-01   2.8186260078E-01
 -8.5900000000E+01   9.3401131717E-01   2.8197546829E-01
 -8.5800000000E+01   9.3297661826E-01   2.8208961870E-01
 -8.5700000000E+01   9.3192687777E-01   2.8220506639E-01
 -8.5600000000E+01   9.3086191432E-01   2.8232182591E-01
 -8.5500000000E+01   9.2978154549E-01   2.8243991194E-01
 -8.5400000000E+01   9.2868558791E-01   2.8255933935E-01
 -8.5300000000E+01   9.2757385726E-01   2.8268012314E-01
 -8.5200000000E+01   9.2644616833E-01   2.8280227850E-01
 -8.5100000000E+01   9.2530233504E-01   2.8292582077E-01
 -8.5000000000E+01   9.2414217050E-01   2.8305076546E-01
 -8.4900000000E+01   9.2296548704E-01   2.8317712826E-01
 -8.4800000000E+01   9.2177209628E-01   2.8330492500E-01
 -8.4700000000E+01   9.2056180914E-01   2.8343417172E-01
 -8.4600000000E+01   9.1933443592E-01   2.8356488459E-01
 -8.4500000000E+01   9.1808978632E-01   2.8369708000E-01
 -8.4400000000E+01   9.1682766953E-01   2.8383077448E-01
 -8.4300000000E+01   9.1554789427E-01   2.8396598476E-01
 -8.4200000000E+01   9.1425026882E-01   2.8410272774E-01
 -8.4100000000E+01   9.1293460114E-01   2.8424102051E-01
 -8.4000000000E+01   9.1160069886E-01   2.8438088033E-01
 -8.3900000000E+01   9.1024836938E-01   2.8452232466E-01
 -8.3800000000E+01   9.0887741995E-01   2.8466537114E-01
 -8.3700000000E+01   9.0748765771E-01   2.8481003761E-01
 -8.3600000000E+01   9.0607888977E-01   2.8495634208E-01
 -8.3500000000E+01   9.0465092326E-01   2.8510430278E-01
 -8.3400000000E+01   9.0320356545E-01   2.8525393810E-01
 -8.3300000000E+01   9.0173662379E-01   2.8540526667E-01
 -8.3200000000E+01   9.0024990600E-01   2.8555830728E-01
 -8.3100000000E+01   8.9874322014E-01   2.8571307895E-01
 -8.3000000000E+01   8.9721637470E-01   2.8586960088E-01
 -8.2900000000E+01   8.9566917870E-01   2.8602789249E-01
 -8.2800000000E+01   8.9410144175E-01   2.8618797340E-01
 -8.2700000000E+01   8.9251297416E-01   2.8634986343E-01
 -8.2600000000E+01   8.9090358702E-01   2.8651358264E-01
 -8.2500000000E+01   8.8927309231E-01   2.8667915126E-01
 -8.2400000000E+01   8.8762130296E-01   2.8684658978E-01
 -8.2300000000E+01   8.8594803300E-01   2.8701591887E-01
 -8.2200000000E+01   8.8425309763E-01   2.8718715945E-01
 -8.2100000000E+01   8.8253631333E-01   2.8736033262E-01
 -8.2000000000E+01   8.8079749795E-01   2.8753545975E-01
 -8.1900000000E+01   8.7903647086E-01   2.8771256240E-01
 -8.1800000000E+01   8.7725305300E-01   2.8789166237E-01
 -8.1700000000E+01   8.7544706707E-01   2.8807278170E-01
 -8.1600000000E+01   8.7361833756E-01   2.8825594264E-01
 -8.1500000000E+01   8.7176669093E-01   2.8844116769E-01
 -8.1400000000E+01   8.6989195572E-01   2.8862847958E-01
 -8.1300000000E+01   8.6799396264E-01   2.8881790129E-01
 -8.1200000000E+01   8.6607254471E-01   2.8900945601E-01
 -8.1100000000E+01   8.6412753741E-01   2.8920316720E-01
 -8.1000000000E+01   8.6215877879E-01   2.8939905857E-01
 -8.0900000000E+01   8.6016610957E-01   2.8959715404E-01
 -8.0800000000E+01   8.5814937332E-01   2.8979747782E-01
 -8.0700000000E+01   8.5610841659E-01   2.9000005435E-01
 -8.0600000000E+01   8.5404308900E-01   2.9020490834E-01
 -8.0500000000E+01   8.5195324342E-01   2.9041206473E-01
 -8.0400000000E+01   8.4983873610E-01   2.9062154874E-01
 -8.0300000000E+01   8.4769942681E-01   2.9083338584E-01
 -8.0200000000E+01   8.4553517898E-01   2.9104760178E-01
 -8.0100000000E+01   8.4334585983E-01   2.9126422256E-01
 -8.0000000000E+01   8.4113134055E-01   2.9148327444E-01
 -7.9900000000E+01   8.3889149643E-01   2.9170478398E-01
 -7.9800000000E+01   8.3662620698E-01   2.9192877799E-01
 -7.9700000000E+01   8.3433535614E-01   2.9215528355E-01
 -7.9600000000E+01   8.3201883238E-01   2.9238432804E-01
 -7.9500000000E+01   8.2967652885E-01   2.9261593910E-01
 -7.9400000000E+01   8.2730834357E-01   2.9285014467E-01
 -7.9300000000E+01   8.2491417957E-01   2.9308697296E-01
 -7.9200000000E+01   8.2249394501E-01   2.9332645248E-01
 -7.9100000000E+01   8.2004755339E-01   2.9356861201E-01
 -7.9000000000E+01   8.1757492363E-01   2.9381348065E-01
 -7.8900000000E+01   8.1507598032E-01   2.9406108777E-01
 -7.8800000000E+01   8.1255065379E-01   2.9431146306E-01
 -7.8700000000E+01   8.0999888030E-01   2.9456463648E-01
 -7.8600000000E+01   8.0742060220E-01   2.9482063833E-01
 -7.8500000000E+01   8.0481576807E-01   2.9507949919E-01
 -7.8400000000E+01   8.0218433288E-01   2.9534124995E-01
 -7.8300000000E+01   7.9952625813E-01   2.9560592181E-01
 -7.8200000000E+01   7.9684151203E-01   2.9587354630E-01
 -7.8100000000E+01   7.9413006962E-01   2.9614415524E-01
 -7.8000000000E+01   7.9139191292E-01   2.9641778078E-01
 -7.7900000000E+01   7.8862703110E-01   2.9669445540E-01
 -7.7800000000E+01   7.8583542062E-01   2.9697421189E-01
 -7.7700000000E+01   7.8301708535E-01   2.9725708336E-01
 -7.7600000000E+01   7.8017203674E-01   2.9754310327E-01
 -7.7500000000E+01   7.7730029394E-01   2.9783230539E-01
 -7.7400000000E+01   7.7440188395E-01   2.9812472384E-01
 -7.7300000000E+01   7.7147684176E-01   2.9842039306E-01
 -7.7200000000E+01   7.6852521045E-01   2.9871934785E-01
 -7.7100000000E+01   7.6554704135E-01   2.9902162333E-01
 -7.7000000000E+01   7.6254239416E-01   2.9932725497E-01
 -7.6900000000E+01   7.5951133705E-01   2.9963627859E-01
 -7.6800000000E+01   7.5645394682E-01   2.9994873037E-01
 -7.6700000000E+01   7.5337030896E-01   3.0026464683E-01
 -7.6600000000E+01   7.5026051781E-01   3.0058406483E-01
 -7.6500000000E+01   7.4712467662E-01   3.0090702162E-01
 -7.6400000000E+01   7.4396289769E-01   3.0123355479E-01
 -7.6300000000E+01   7.4077530244E-01   3.0156370230E-01
 -7.6200000000E+01   7.3756202152E-01   3.0189750247E-01
 -7.6100000000E+01   7.3432319488E-01   3.0223499398E-01
 -7.6000000000E+01   7.3105897185E-01   3.0257621591E-01
 -7.5900000000E+01   7.2776951124E-01   3.0292120767E-01
 -7.5800000000E+01   7.2445498136E-01   3.0327000910E-01
 -7.5700000000E+01   7.2111556013E-01   3.0362266036E-01
 -7.5600000000E+01   7.1775143512E-01   3.0397920204E-01
 -7.5500000000E+01   7.1436280358E-01   3.0433967509E-01
 -7.5400000000E+01   7.1094987253E-01   3.0470412084E-01
 -7.5300000000E+01   7.0751285873E-01   3.0507258104E-01
 -7.5200000000E+01   7.0405198878E-01   3.0544509779E-01
 -7.5100000000E+01   7.0056749909E-01   3.0582171363E-01
 -7.5000000000E+01   6.9705963591E-01   3.0620247145E-01
 -7.4900000000E+01   6.9352865536E-01   3.0658741458E-01
 -7.4800000000E+01   6.8997482338E-01   3.0697658673E-01
 -7.4700000000E+01   6.8639841579E-01   3.0737003202E-01
 -7.4600000000E+01   6.8279971819E-01   3.0776779497E-01
 -7.4500000000E+01   6.7917902602E-01   3.0816992054E-01
 -7.4400000000E+01   6.7553664446E-01   3.0857645405E-01
 -7.4300000000E+01   6.7187288845E-01   3.0898744129E-01
 -7.4200000000E+01   6.6818808257E-01   3.0940292842E-01
 -7.4100000000E+01   6.6448256104E-01   3.0982296207E-01
 -7.4000000000E+01   6.6075666764E-01   3.1024758924E-01
 -7.3900000000E+01   6.5701075563E-01   3.1067685738E-01
 -7.3800000000E+01   6.5324518764E-01   3.1111081439E-01
 -7.3700000000E+01   6.4946033563E-01   3.1154950855E-01
 -7.3600000000E+01   6.4565658077E-01   3.1199298861E-01
 -7.3500000000E+01   6.4183431329E-01   3.1244130375E-01
 -7.3400000000E+01   6.3799393241E-01   3.1289450357E-01
 -7.3300000000E+01   6.3413584622E-01   3.1335263811E-01
 -7.3200000000E+01   6.3026047149E-01   3.1381575788E-01
 -7.3100000000E+01   6.2636823356E-01   3.1428391380E-01
 -7.3000000000E+01   6.2245956621E-01   3.1475715725E-01
 -7.2900000000E+01   6.1853491144E-01   3.1523554006E-01
 -7.2800000000E+01   6.1459471934E-01   3.1571911451E-01
 -7.2700000000E+01   6.1063944793E-01   3.1620793332E-01
 -7.2600000000E+01   6.0666956291E-01   3.1670204968E-01
 -7.2500000000E+01   6.0268553752E-01   3.1720151723E-01
 -7.2400000000E+01   5.9868785232E-01   3.1770639007E-01
 -7.2300000000E+01   5.9467699496E-01   3.1821672276E-01
 -7.2200000000E+01   5.9065346001E-01   3.1873257031E-01
 -7.2100000000E+01   5.8661774867E-01   3.1925398822E-01
 -7.2000000000E+01   5.8257036858E-01   3.1978103242E-01
 -7.1900000000E+01   5.7851183360E-01   3.2031375936E-01
 -7.1800000000E+01   5.7444266349E-01   3.2085222590E-01
 -7.1700000000E+01   5.7036338372E-01   3.2139648941E-01
 -7.1600000000E+01   5.6627452519E-01   3.2194660772E-01
 -7.1500000000E+01   5.6217662395E-01   3.2250263915E-01
 -7.1400000000E+01   5.5807022097E-01   3.2306464246E-01
 -7.1300000000E+01   5.5395586179E-01   3.2363267693E-01
 -7.1200000000E+01   5.4983409632E-01   3.2420680229E-01
 -7.1100000000E+01   5.4570547849E-01   3.2478707876E-01
 -7.1000000000E+01   5.4157056597E-01   3.2537356704E-01
 -7.0900000000E+01   5.3742991992E-01   3.2596632832E-01
 -7.0800000000E+01   5.3328410462E-01   3.2656542426E-01
 -7.0700000000E+01   5.2913368721E-01   3.2717091702E-01
 -7.0600000000E+01   5.2497923735E-01   3.2778286923E-01
 -7.0500000000E+01   5.2082132697E-01   3.2840134402E-01
 -7.0400000000E+01   5.1666052987E-01   3.2902640501E-01
 -7.0300000000E+01   5.1249742147E-01   3.2965811629E-01
 -7.0200000000E+01   5.0833257848E-01   3.3029654245E-01
 -7.0100000000E+01   5.0416657855E-01   3.3094174859E-01
 -7.0000000000E+01   5.0000000000E-01   3.3159380026E-01
 -6.9900000000E+01   4.9583342145E-01   3.3225276354E-01
 -6.9800000000E+01   4.9166742152E-01   3.3291870498E-01
 -6.9700000000E+01   4.8750257853E-01   3.3359169162E-01
 -6.9600000000E+01   4.8333947013E-01   3.3427179101E-01
 -6.9500000000E+01   4.7917867303E-01   3.3495907116E-01
 -6.9400000000E+01   4.7502076265E-01   3.3565360061E-01
 -6.9300000000E+01   4.7086631279E-01   3.3635544838E-01
 -6.9200000000E+01   4.6671589538E-01   3.3706468395E-01
 -6.9100000000E+01   4.6257008008E-01   3.3778137734E-01
 -6.9000000000E+01   4.5842943403E-01   3.3850559903E-01
 -6.8900000000E+01   4.5429452151E-01   3.3923741999E-01
 -6.8800000000E+01   4.5016590368E-01   3.3997691171E-01
 -6.8700000000E+01   4.4604413821E-01   3.4072414613E-01
 -6.8600000000E+01   4.4192977903E-01   3.4147919569E-01
 -6.8500000000E+01   4.3782337605E-01   3.4224213334E-01
 -6.8400000000E+01   4.3372547481E-01   3.4301303249E-01
 -6.8300000000E+01   4.2963661628E-01   3.4379196705E-01
 -6.8200000000E+01   4.2555733651E-01   3.4457901140E-01
 -6.8100000000E+01   4.2148816640E-01   3.4537424040E-01
 -6.8000000000E+01   4.1742963142E-01   3.4617772942E-01
 -6.7900000000E+01   4.1338225133E-01   3.4698955427E-01
 -6.7800000000E+01   4.0934653999E-01   3.4780979126E-01
 -6.7700000000E+01   4.0532300504E-01   3.4863851716E-01
 -6.7600000000E+01   4.0131214768E-01   3.4947580923E-01
 -6.7500000000E+01   3.9731446248E-01   3.5032174519E-01
 -6.7400000000E+01   3.9333043709E-01   3.5117640322E-01
 -6.7300000000E+01   3.8936055207E-01   3.5203986197E-01
 -6.7200000000E+01   3.8540528066E-01   3.5291220055E-01
 -6.7100000000E+01   3.8146508856E-01   3.5379349854E-01
 -6.7000000000E+01   3.7754043379E-01   3.5468383596E-01
 -6.6900000000E+01   3.7363176644E-01   3.5558329329E-01
 -6.6800000000E+01   3.6973952851E-01   3.5649195145E-01
 -6.6700000000E+01   3.6586415378E-01   3.5740989182E-01
 -6.6600000000E+01   3.6200606759E-01   3.5833719620E-01
 -6.6500000000E+01   3.5816568671E-01   3.5927394685E-01
 -6.6400000000E+01   3.5434341923E-01   3.6022022644E-01
 -6.6300000000E+01   3.5053966437E-01   3.6117611807E-01
 -6.6200000000E+01   3.4675481236E-01   3.6214170529E-01
 -6.6100000000E+01   3.4298924437E-01   3.6311707203E-01
 -6.6000000000E+01   3.3924333236E-01   3.6410230266E-01
 -6.5900000000E+01   3.3551743896E-01   3.6509748195E-01
 -6.5800000000E+01   3.3181191743E-01   3.6610269506E-01
 -6.5700000000E+01   3.2812711155E-01   3.6711802756E-01
 -6.5600000000E+01   3.2446335554E-01   3.6814356541E-01
 -6.5500000000E+01   3.2082097398E-01   3.6917939496E-01
 -6.5400000000E+01   3.1720028181E-01   3.7022560291E-01
 -6.5300000000E+01   3.1360158421E-01   3.7128227636E-01
 -6.5200000000E+01   3.1002517662E-01   3.7234950276E-01
 -6.5100000000E+01   3.0647134464E-01   3.7342736993E-01
 -6.5000000000E+01   3.0294036409E-01   3.7451596601E-01
 -6.4900000000E+01   2.9943250091E-01   3.7561537953E-01
 -6.4800000000E+01   2.9594801122E-01   3.7672569930E-01
 -6.4700000000E+01   2.9248714127E-01   3.7784701451E-01
 -6.4600000000E+01   2.8905012747E-01   3.7897941461E-01
 -6.4500000000E+01   2.8563719642E-01   3.8012298941E-01
 -6.4400000000E+01   2.8224856488E-01   3.8127782899E-01
 -6.4300000000E+01   2.7888443987E-01   3.8244402374E-01
 -6.4200000000E+01   2.7554501864E-01   3.8362166431E-01
 -6.4100000000E+01   2.7223048876E-01   3.8481084165E-01
 -6.4000000000E+01   2.6894102815E-01   3.8601164693E-01
 -6.3900000000E+01   2.6567680512E-01   3.8722417162E-01
 -6.3800000000E+01   2.6243797848E-01   3.8844850740E-01
 -6.3700000000E+01   2.5922469756E-01   3.8968474618E-01
 -6.3600000000E+01   2.5603710231E-01   3.9093298011E-01
 -6.3500000000E+01   2.5287532338E-01   3.9219330153E-01
 -6.3400000000E+01   2.4973948219E-01   3.9346580297E-01
 -6.3300000000E+01   2.4662969104E-01   3.9475057717E-01
 -6.3200000000E+01   2.4354605318E-01   3.9604771701E-01
 -6.3100000000E+01   2.4048866295E-01   3.9735731556E-01
 -6.3000000000E+01   2.3745760584E-01   3.9867946601E-01
 -6.2900000000E+01   2.3445295865E-01   4.0001426168E-01
 -6.2800000000E+01   2.3147478955E-01   4.0136179604E-01
 -6.2700000000E+01   2.2852315824E-01   4.0272216264E-01
 -6.2600000000E+01   2.2559811605E-01   4.0409545512E-01
 -6.2500000000E+01   2.2269970606E-01   4.0548176721E-01
 -6.2400000000E+01   2.1982796326E-01   4.0688119268E-01
 -6.2300000000E+01   2.1698291465E-01   4.0829382537E-01
 -6.2200000000E+01   2.1416457938E-01   4.0971975913E-01
 -6.2100000000E+01   2.1137296890E-01   4.1115908784E-01
 -6.2000000000E+01   2.0860808708E-01   4.1261190537E-01
 -6.1900000000E+01   2.0586993038E-01   4.1407830557E-01
 -6.1800000000E+01   2.0315848797E-01   4.1555838225E-01
 -6.1700000000E+01   2.0047374187E-01   4.1705222917E-01
 -6.1600000000E+01   1.9781566712E-01   4.1855994004E-01
 -6.1500000000E+01   1.9518423193E-01   4.2008160844E-01
 -6.1400000000E+01   1.9257939780E-01   4.2161732788E-01
 -6.1300000000E+01   1.9000111970E-01   4.2316719173E-01
 -6.1200000000E+01   1.8744934621E-01   4.2473129321E-01
 -6.1100000000E+01   1.8492401968E-01   4.2630972538E-01
 -6.1000000000E+01   1.8242507637E-01   4.2790258112E-01
 -6.0900000000E+01   1.7995244661E-01   4.2950995309E-01
 -6.0800000000E+01   1.7750605499E-01   4.3113193374E-01
 -6.0700000000E+01   1.7508582043E-01   4.3276861527E-01
 -6.0600000000E+01   1.7269165643E-01   4.3442008961E-01
 -6.0500000000E+01   1.7032347115E-01   4.3608644841E-01
 -6.0400000000E+01   1.6798116762E-01   4.3776778299E-01
 -6.0300000000E+01   1.6566464386E-01   4.3946418435E-01
 -6.0200000000E+01   1.6337379302E-01   4.4117574313E-01
 -6.0100000000E+01   1.6110850357E-01   4.4290254960E-01
 -6.0000000000E+01   1.5886865945E-01   4.4464469361E-01
 -5.9900000000E+01   1.5665414017E-01   4.4640226459E-01
 -5.9800000000E+01   1.5446482102E-01   4.4817535152E-01
 -5.9700000000E+01   1.5230057319E-01   4.4996404291E-01
 -5.9600000000E+01   1.5016126390E-01   4.5176842676E-01
 -5.9500000000E+01   1.4804675658E-01   4.5358859054E-01
 -5.9400000000E+01   1.4595691100E-01   4.5542462118E-01
 -5.9300000000E+01   1.4389158341E-01   4.5727660503E-01
 -5.9200000000E+01   1.4185062668E-01   4.5914462783E-01
 -5.9100000000E+01   1.3983389043E-01   4.6102877470E-01
 -5.9000000000E+01   1.3784122121E-01   4.6292913007E-01
 -5.8900000000E+01   1.3587246259E-01   4.6484577773E-01
 -5.8800000000E+01   1.3392745529E-01   4.6677880073E-01
 -5.8700000000E+01   1.3200603736E-01   4.6872828137E-01
 -5.8600000000E+01   1.3010804428E-01   4.7069430120E-01
 -5.8500000000E+01   1.2823330907E-01   4.7267694097E-01
 -5.8400000000E+01   1.2638166244E-01   4.7467628058E-01
 -5.8300000000E+01   1.2455293293E-01   4.7669239909E-01
 -5.8200000000E+01   1.2274694700E-01   4.7872537468E-01
 -5.8100000000E+01   1.2096352914E-01   4.8077528459E-01
 -5.8000000000E+01   1.1920250205E-01   4.8284220513E-01
 -5.7900000000E+01   1.1746368667E-01   4.8492621162E-01
 -5.7800000000E+01   1.1574690237E-01   4.8702737838E-01
 -5.7700000000E+01   1.1405196700E-01   4.8914577867E-01
 -5.7600000000E+01   1.1237869704E-01   4.9128148471E-01
 -5.7500000000E+01   1.1072690769E-01   4.9343456758E-01
 -5.7400000000E+01   1.0909641298E-01   4.9560509725E-01
 -5.7300000000E+01   1.0748702584E-01   4.9779314249E-01
 -5.7200000000E+01   1.0589855825E-01   4.9999877091E-01
 -5.7100000000E+01   1.0433082130E-01   5.0222204886E-01
 -5.7000000000E+01   1.0278362530E-01   5.0446304141E-01
 -5.6900000000E+01   1.0125677986E-01   5.0672181234E-01
 -5.6800000000E+01   9.9750093999E-02   5.0899842412E-01
 -5.6700000000E+01   9.8263376205E-02   5.1129293781E-01
 -5.6600000000E+01   9.6796434546E-02   5.1360541308E-01
 -5.6500000000E+01   9.5349076739E-02   5.1593590819E-01
 -5.6400000000E+01   9.3921110232E-02   5.1828447989E-01
 -5.6300000000E+01   9.2512342286E-02   5.2065118344E-01
 -5.6200000000E+01   9.1122580046E-02   5.2303607257E-01
 -5.6100000000E+01   8.9751630619E-02   5.2543919941E-01
 -5.6000000000E+01   8.8399301144E-02   5.2786061450E-01
 -5.5900000000E+01   8.7065398860E-02   5.3030036673E-01
 -5.5800000000E+01   8.5749731176E-02   5.3275850329E-01
 -5.5700000000E+01   8.4452105733E-02   5.3523506969E-01
 -5.5600000000E+01   8.3172330471E-02   5.3773010966E-01
 -5.5500000000E+01   8.1910213683E-02   5.4024366515E-01
 -5.5400000000E+01   8.0665564084E-02   5.4277577629E-01
 -5.5300000000E+01   7.9438190857E-02   5.4532648135E-01
 -5.5200000000E+01   7.8227903717E-02   5.4789581670E-01
 -5.5100000000E+01   7.7034512957E-02   5.5048381680E-01
 -5.5000000000E+01   7.5857829503E-02   5.5309051412E-01
 -5.4900000000E+01   7.4697664964E-02   5.5571593916E-01
 -5.4800000000E+01   7.3553831673E-02   5.5836012035E-01
 -5.4700000000E+01   7.2426142740E-02   5.6102308409E-01
 -5.4600000000E+01   7.1314412090E-02   5.6370485463E-01
 -5.4500000000E+01   7.0218454509E-02   5.6640545411E-01
 -5.4400000000E+01   6.9138085681E-02   5.6912490248E-01
 -5.4300000000E+01   6.8073122226E-02   5.7186321750E-01
 -5.4200000000E+01   6.7023381741E-02   5.7462041465E-01
 -5.4100000000E+01   6.5988682829E-02   5.7739650715E-01
 -5.4000000000E+01   6.4968845139E-02   5.8019150592E-01
 -5.3900000000E+01   6.3963689392E-02   5.8300541949E-01
 -5.3800000000E+01   6.2973037416E-02   5.8583825406E-01
 -5.3700000000E+01   6.1996712172E-02   5.8869001336E-01
 -5.3600000000E+01   6.1034537781E-02   5.9156069872E-01
 -5.3500000000E+01   6.0086339555E-02   5.9445030896E-01
 -5.3400000000E+01   5.9151944016E-02   5.9735884038E-01
 -5.3300000000E+01   5.8231178921E-02   6.0028628675E-01
 -5.3200000000E+01   5.7323873286E-02   6.0323263925E-01
 -5.3100000000E+01   5.6429857404E-02   6.0619788646E-01
 -5.3000000000E+01   5.5548962865E-02   6.0918201430E-01
 -5.2900000000E+01   5.4681022576E-02   6.1218500604E-01
 -5.2800000000E+01   5.3825870778E-02   6.1520684222E-01
 -5.2700000000E+01   5.2983343056E-02   6.1824750068E-01
 -5.2600000000E+01   5.2153276364E-02   6.2130695647E-01
 -5.2500000000E+01   5.1335509030E-02   6.2438518185E-01
 -5.2400000000E+01   5.0529880772E-02   6.2748214628E-01
 -5.2300000000E+01   4.9736232709E-02   6.3059781637E-01
 -5.2200000000E+01   4.8954407372E-02   6.3373215583E-01
 -5.2100000000E+01   4.8184248715E-02   6.3688512551E-01
 -5.2000000000E+01   4.7425602118E-02   6.4005668330E-01
 -5.1900000000E+01   4.6678314404E-02   6.4324678415E-01
 -5.1800000000E+01   4.5942233836E-02   6.4645538004E-01
 -5.1700000000E+01   4.5217210130E-02   6.4968241995E-01
 -5.1600000000E+01   4.4503094456E-02   6.5292784983E-01
 -5.1500000000E+01   4.3799739448E-02   6.5619161259E-01
 -5.1400000000E+01   4.3106999198E-02   6.5947364809E-01
 -5.1300000000E+01   4.2424729269E-02   6.6277389307E-01
 -5.1200000000E+01   4.1752786691E-02   6.6609228119E-01
 -5.1100000000E+01   4.1091029964E-02   6.6942874297E-01
 -5.1000000000E+01   4.0439319059E-02   6.7278320580E-01
 -5.0900000000E+01   3.9797515418E-02   6.7615559391E-01
 -5.0800000000E+01   3.9165481954E-02   6.7954582834E-01
 -5.0700000000E+01   3.8543083049E-02   6.8295382694E-01
 -5.0600000000E+01   3.7930184551E-02   6.8637950438E-01
 -5.0500000000E+01   3.7326653776E-02   6.8982277206E-01
 -5.0400000000E+01   3.6732359502E-02   6.9328353821E-01
 -5.0300000000E+01   3.6147171964E-02   6.9676170776E-01
 -5.0200000000E+01   3.5570962855E-02   7.0025718242E-01
 -5.0100000000E+01   3.5003605317E-02   7.0376986064E-01
 -5.0000000000E+01   3.4444973942E-02   7.0729963758E-01
 -4.9900000000E+01   3.3894944760E-02   7.1084640513E-01
 -4.9800000000E+01   3.3353395237E-02   7.1441005190E-01
 -4.9700000000E+01   3.2820204271E-02   7.1799046322E-01
 -4.9600000000E+01   3.2295252182E-02   7.2158752110E-01
 -4.9500000000E+01   3.1778420707E-02   7.2520110430E-01
 -4.9400000000E+01   3.1269592991E-02   7.2883108824E-01
 -4.9300000000E+01   3.0768653585E-02   7.3247734508E-01
 -4.9200000000E+01   3.0275488431E-02   7.3613974366E-01
 -4.9100000000E+01   2.9789984860E-02   7.3981814955E-01
 -4.9000000000E+01   2.9312031581E-02   7.4351242501E-01
 -4.8900000000E+01   2.8841518671E-02   7.4722242906E-01
 -4.8800000000E+01   2.8378337570E-02   7.5094801739E-01
 -4.8700000000E+01   2.7922381070E-02   7.5468904246E-01
 -4.8600000000E+01   2.7473543305E-02   7.5844535345E-01
 -4.8500000000E+01   2.7031719742E-02   7.6221679631E-01
 -4.8400000000E+01   2.6596807172E-02   7.6600321375E-01
 -4.8300000000E+01   2.6168703701E-02   7.6980444523E-01
 -4.8200000000E+01   2.5747308738E-02   7.7362032703E-01
 -4.8100000000E+01   2.5332522984E-02   7.7745069223E-01
 -4.8000000000E+01   2.4924248424E-02   7.8129537072E-01
 -4.7900000000E+01   2.4522388318E-02   7.8515418924E-01
 -4.7800000000E+01   2.4126847186E-02   7.8902697140E-01
 -4.7700000000E+01   2.3737530799E-02   7.9291353767E-01
 -4.7600000000E+01   2.3354346170E-02   7.9681370545E-01
 -4.7500000000E+01   2.2977201540E-02   8.0072728905E-01
 -4.7400000000E+01   2.2606006370E-02   8.0465409975E-01
 -4.7300000000E+01   2.2240671328E-02   8.0859394579E-01
 -4.7200000000E+01   2.1881108278E-02   8.1254663243E-01
 -4.7100000000E+01   2.1527230268E-02   8.1651196199E-01
 -4.7000000000E+01   2.1178951521E-02   8.2048973381E-01
 -4.6900000000E+01   2.0836187422E-02   8.2447974438E-01
 -4.6800000000E+01   2.0498854507E-02   8.2848178730E-01
 -4.6700000000E+01   2.0166870448E-02   8.3249565334E-01
 -4.6600000000E+01   1.9840154051E-02   8.3652113048E-01
 -4.6500000000E+01   1.9518625232E-02   8.4055800395E-01
 -4.6400000000E+01   1.9202205016E-02   8.4460605626E-01
 -4.6300000000E+01   1.8890815518E-02   8.4866506723E-01
 -4.6200000000E+01   1.8584379938E-02   8.5273481406E-01
 -4.6100000000E+01   1.8282822544E-02   8.5681507136E-01
 -4.6000000000E+01   1.7986068661E-02   8.6090561117E-01
 -4.5900000000E+01   1.7694044664E-02   8.6500620305E-01
 -4.5800000000E+01   1.7406677962E-02   8.6911661409E-01
 -4.5700000000E+01   1.7123896987E-02   8.7323660898E-01
 -4.5600000000E+01   1.6845631184E-02   8.7736595005E-01
 -4.5500000000E+01   1.6571811001E-02   8.8150439731E-01
 -4.5400000000E+01   1.6302367871E-02   8.8565170854E-01
 -4.5300000000E+01   1.6037234209E-02   8.8980763928E-01
 -4.5200000000E+01   1.5776343395E-02   8.9397194295E-01
 -4.5100000000E+01   1.5519629764E-02   8.9814437086E-01
 -4.5000000000E+01   1.5267028597E-02   9.0232467229E-01
 -4.4900000000E+01   1.5018476106E-02   9.0651259451E-01
 -4.4800000000E+01   1.4773909425E-02   9.1070788291E-01
 -4.4700000000E+01   1.4533266600E-02   9.1491028098E-01
 -4.4600000000E+01   1.4296486576E-02   9.1911953042E-01
 -4.4500000000E+01   1.4063509184E-02   9.2333537119E-01
 -4.4400000000E+01   1.3834275137E-02   9.2755754156E-01
 -4.4300000000E+01   1.3608726012E-02   9.3178577818E-01
 -4.4200000000E+01   1.3386804242E-02   9.3601981616E-01
 -4.4100000000E+01   1.3168453107E-02   9.4025938911E-01
 -4.4000000000E+01   1.2953616720E-02   9.4450422921E-01
 -4.3900000000E+01   1.2742240019E-02   9.4875406729E-01
 -4.3800000000E+01   1.2534268755E-02   9.5300863290E-01
 -4.3700000000E+01   1.2329649482E-02   9.5726765435E-01
 -4.3600000000E+01   1.2128329549E-02   9.6153085881E-01
 -4.3500000000E+01   1.1930257084E-02   9.6579797233E-01
 -4.3400000000E+01   1.1735380990E-02   9.7006872000E-01
 -4.3300000000E+01   1.1543650931E-02   9.7434282591E-01
 -4.3200000000E+01   1.1355017324E-02   9.7862001331E-01
 -4.3100000000E+01   1.1169431328E-02   9.8290000464E-01
 -4.3000000000E+01   1.0986844835E-02   9.8718252160E-01
 -4.2900000000E+01   1.0807210459E-02   9.9146728523E-01
 -4.2800000000E+01   1.0630481527E-02   9.9575401598E-01
 -4.2700000000E+01   1.0456612071E-02   1.0000424338E+00
 -4.2600000000E+01   1.0285556816E-02   1.0043322582E+00
 -4.2500000000E+01   1.0117271171E-02   1.0086232083E+00
 -4.2400000000E+01   9.9517112219E-03   1.0129150029E+00
 -4.2300000000E+01   9.7888337194E-03   1.0172073606E+00
 -4.2200000000E+01   9.6285960719E-03   1.0215000000E+00
 -4.2100000000E+01   9.4709563359E-03   1.0257926394E+00
 -4.2000000000E+01   9.3158732065E-03   1.0300849971E+00
 -4.1900000000E+01   9.1633060095E-03   1.0343767917E+00
 -4.1800000000E+01   9.0132146919E-03   1.0386677418E+00
 -4.1700000000E+01   8.8655598135E-03   1.0429575662E+00
 -4.1600000000E+01   8.7203025386E-03   1.0472459840E+00
 -4.1500000000E+01   8.5774046269E-03   1.0515327148E+00
 -4.1400000000E+01   8.4368284259E-03   1.0558174784E+00
 -4.1300000000E+01   8.2985368620E-03   1.0600999954E+00
 -4.1200000000E+01   8.1624934325E-03   1.0643799867E+00
 -4.1100000000E+01   8.0286621975E-03   1.0686571741E+00
 -4.1000000000E+01   7.8970077722E-03   1.0729312800E+00
 -4.0900000000E+01   7.7674953182E-03   1.0772020277E+00
 -4.0800000000E+01   7.6400905366E-03   1.0814691412E+00
 -4.0700000000E+01   7.5147596595E-03   1.0857323456E+00
 -4.0600000000E+01   7.3914694429E-03   1.0899913671E+00
 -4.0500000000E+01   7.2701871589E-03   1.0942459327E+00
 -4.0400000000E+01   7.1508805881E-03   1.0984957708E+00
 -4.0300000000E+01   7.0335180126E-03   1.1027406109E+00
 -4.0200000000E+01   6.9180682082E-03   1.1069801838E+00
 -4.0100000000E+01   6.8045004379E-03   1.1112142218E+00
 -4.0000000000E+01   6.6927844440E-03   1.1154424584E+00
 -3.9900000000E+01   6.5828904418E-03   1.1196646288E+00
 -3.9800000000E+01   6.4747891121E-03   1.1238804696E+00
 -3.9700000000E+01   6.3684515948E-03   1.1280897190E+00
 -3.9600000000E+01   6.2638494816E-03   1.1322921171E+00
 -3.9500000000E+01   6.1609548101E-03   1.1364874055E+00
 -3.9400000000E+01   6.0597400565E-03   1.1406753277E+00
 -3.9300000000E+01   5.9601781293E-03   1.1448556291E+00
 -3.9200000000E+01   5.8622423632E-03   1.1490280570E+00
 -3.9100000000E+01   5.7659065122E-03   1.1531923607E+00
 -3.9000000000E+01   5.6711447440E-03   1.1573482915E+00
 -3.8900000000E+01   5.5779316331E-03   1.1614956027E+00
 -3.8800000000E+01   5.4862421553E-03   1.1656340500E+00
 -3.8700000000E+01   5.3960516814E-03   1.1697633910E+00
 -3.8600000000E+01   5.3073359715E-03   1.1738833859E+00
 -3.8500000000E+01   5.2200711686E-03   1.1779937970E+00
 -3.8400000000E+01   5.1342337937E-03   1.1820943888E+00
 -3.8300000000E+01   5.0498007391E-03   1.1861849286E+00
 -3.8200000000E+01   4.9667492637E-03   1.1902651859E+00
 -3.8100000000E+01   4.8850569868E-03   1.1943349328E+00
 -3.8000000000E+01   4.8047018830E-03   1.1983939437E+00
 -3.7900000000E+01   4.7256622765E-03   1.2024419960E+00
 -3.7800000000E+01   4.6479168361E-03   1.2064788695E+00
 -3.7700000000E+01   4.5714445699E-03   1.2105043467E+00
 -3.7600000000E+01   4.4962248198E-03   1.2145182127E+00
 -3.7500000000E+01   4.4222372567E-03   1.2185202556E+00
 -3.7400000000E+01   4.3494618756E-03   1.2225102662E+00
 -3.7300000000E+01   4.2778789900E-03   1.2264880380E+00
 -3.7200000000E+01   4.2074692280E-03   1.2304533676E+00
 -3.7100000000E+01   4.1382135264E-03   1.2344060542E+00
 -3.7000000000E+01   4.0700931269E-03   1.2383459003E+00
 -3.6900000000E+01   4.0030895705E-03   1.2422727109E+00
 -3.6800000000E+01   3.9371846938E-03   1.2461862945E+00
 -3.6700000000E+01   3.8723606237E-03   1.2500864623E+00
 -3.6600000000E+01   3.8085997733E-03   1.2539730286E+00
 -3.6500000000E+01   3.7458848375E-03   1.2578458108E+00
 -3.6400000000E+01   3.6841987882E-03   1.2617046293E+00
 -3.6300000000E+01   3.6235248706E-03   1.2655493078E+00
 -3.6200000000E+01   3.5638465986E-03   1.2693796730E+00
 -3.6100000000E+01   3.5051477505E-03   1.2731955548E+00
 -3.6000000000E+01   3.4474123654E-03   1.2769967863E+00
 -3.5900000000E+01   3.3906247385E-03   1.2807832037E+00
 -3.5800000000E+01   3.3347694176E-03   1.2845546465E+00
 -3.5700000000E+01   3.2798311990E-03   1.2883109575E+00
 -3.5600000000E+01   3.2257951234E-03   1.2920519826E+00
 -3.5500000000E+01   3.1726464726E-03   1.2957775709E+00
 -3.5400000000E+01   3.1203707650E-03   1.2994875750E+00
 -3.5300000000E+01   3.0689537527E-03   1.3031818505E+00
 -3.5200000000E+01   3.0183814170E-03   1.3068602563E+00
 -3.5100000000E+01   2.9686399655E-03   1.3105226549E+00
 -3.5000000000E+01   2.9197158283E-03   1.3141689118E+00
 -3.4900000000E+01   2.8715956543E-03   1.3177988957E+00
 -3.4800000000E+01   2.8242663081E-03   1.3214124789E+00
 -3.4700000000E+01   2.7777148662E-03   1.3250095368E+00
 -3.4600000000E+01   2.7319286141E-03   1.3285899481E+00
 -3.4500000000E+01   2.6868950428E-03   1.3321535949E+00
 -3.4400000000E+01   2.6426018453E-03   1.3357003624E+00
 -3.4300000000E+01   2.5990369140E-03   1.3392301394E+00
 -3.4200000000E+01   2.5561883369E-03   1.3427428176E+00
 -3.4100000000E+01   2.5140443949E-03   1.3462382922E+00
 -3.4000000000E+01   2.4725935587E-03   1.3497164618E+00
 -3.3900000000E+01   2.4318244857E-03   1.3531772279E+00
 -3.3800000000E+01   2.3917260172E-03   1.3566204956E+00
 -3.3700000000E+01   2.3522871751E-03   1.3600461731E+00
 -3.3600000000E+01   2.3134971595E-03   1.3634541717E+00
 -3.3500000000E+01   2.2753453455E-03   1.3668444061E+00
 -3.3400000000E+01   2.2378212808E-03   1.3702167942E+00
 -3.3300000000E+01   2.2009146825E-03   1.3735712570E+00
 -3.3200000000E+01   2.1646154347E-03   1.3769077188E+00
 -3.3100000000E+01   2.1289135859E-03   1.3802261069E+00
 -3.3000000000E+01   2.0937993460E-03   1.3835263519E+00
 -3.2900000000E+01   2.0592630842E-03   1.3868083874E+00
 -3.2800000000E+01   2.0252953261E-03   1.3900721502E+00
 -3.2700000000E+01   1.9918867513E-03   1.3933175801E+00
 -3.2600000000E+01   1.9590281910E-03   1.3965446200E+00
 -3.2500000000E+01   1.9267106257E-03   1.3997532159E+00
 -3.2400000000E+01   1.8949251824E-03   1.4029433167E+00
 -3.2300000000E+01   1.8636631326E-03   1.4061148745E+00
 -3.2200000000E+01   1.8329158899E-03   1.4092678442E+00
 -3.2100000000E+01   1.8026750079E-03   1.4124021836E+00
 -3.2000000000E+01   1.7729321773E-03   1.4155178537E+00
 -3.1900000000E+01   1.7436792247E-03   1.4186148181E+00
 -3.1800000000E+01   1.7149081095E-03   1.4216930435E+00
 -3.1700000000E+01   1.6866109224E-03   1.4247524993E+00
 -3.1600000000E+01   1.6587798829E-03   1.4277931578E+00
 -3.1500000000E+01   1.6314073373E-03   1.4308149940E+00
 -3.1400000000E+01   1.6044857571E-03   1.4338179857E+00
 -3.1300000000E+01   1.5780077361E-03   1.4368021135E+00
 -3.1200000000E+01   1.5519659894E-03   1.4397673608E+00
 -3.1100000000E+01   1.5263533507E-03   1.4427137133E+00
 -3.1000000000E+01   1.5011627708E-03   1.4456411596E+00
 -3.0900000000E+01   1.4763873157E-03   1.4485496910E+00
 -3.0800000000E+01   1.4520201644E-03   1.4514393013E+00
 -3.0700000000E+01   1.4280546075E-03   1.4543099866E+00
 -3.0600000000E+01   1.4044840452E-03   1.4571617459E+00
 -3.0500000000E+01   1.3813019855E-03   1.4599945805E+00
 -3.0400000000E+01   1.3585020424E-03   1.4628084941E+00
 -3.0300000000E+01   1.3360779346E-03   1.4656034928E+00
 -3.0200000000E+01   1.3140234832E-03   1.4683795854E+00
 -3.0100000000E+01   1.2923326104E-03   1.4711367825E+00
 -3.0000000000E+01   1.2709993379E-03   1.4738750975E+00
 -2.9900000000E+01   1.2500177851E-03   1.4765945459E+00
 -2.9800000000E+01   1.2293821677E-03   1.4792951454E+00
 -2.9700000000E+01   1.2090867960E-03   1.4819769159E+00
 -2.9600000000E+01   1.1891260735E-03   1.4846398796E+00
 -2.9500000000E+01   1.1694944952E-03   1.4872840608E+00
 -2.9400000000E+01   1.1501866463E-03   1.4899094859E+00
 -2.9300000000E+01   1.1311972007E-03   1.4925161832E+00
 -2.9200000000E+01   1.1125209193E-03   1.4951041833E+00
 -2.9100000000E+01   1.0941526492E-03   1.4976735187E+00
 -2.9000000000E+01   1.0760873215E-03   1.5002242237E+00
 -2.8900000000E+01   1.0583199507E-03   1.5027563348E+00
 -2.8800000000E+01   1.0408456329E-03   1.5052698903E+00
 -2.8700000000E+01   1.0236595444E-03   1.5077649303E+00
 -2.8600000000E+01   1.0067569407E-03   1.5102414967E+00
 -2.8500000000E+01   9.9013315522E-04   1.5126996333E+00
 -2.8400000000E+01   9.7378359763E-04   1.5151393855E+00
 -2.8300000000E+01   9.5770375303E-04   1.5175608006E+00
 -2.8200000000E+01   9.4188918055E-04   1.5199639274E+00
 -2.8100000000E+01   9.2633551213E-04   1.5223488166E+00
 -2.8000000000E+01   9.1103845139E-04   1.5247155201E+00
 -2.7900000000E+01   8.9599377244E-04   1.5270640918E+00
 -2.7800000000E+01   8.8119731872E-04   1.5293945869E+00
 -2.7700000000E+01   8.6664500189E-04   1.5317070622E+00
 -2.7600000000E+01   8.5233280071E-04   1.5340015759E+00
 -2.7500000000E+01   8.3825675995E-04   1.5362781877E+00
 -2.7400000000E+01   8.2441298930E-04   1.5385369586E+00
 -2.7300000000E+01   8.1079766235E-04   1.5407779511E+00
 -2.7200000000E+01   7.9740701548E-04   1.5430012291E+00
 -2.7100000000E+01   7.8423734691E-04   1.5452068575E+00
 -2.7000000000E+01   7.7128501565E-04   1.5473949028E+00
 -2.6900000000E+01   7.5854644050E-04   1.5495654324E+00
 -2.6800000000E+01   7.4601809911E-04   1.5517185153E+00
 -2.6700000000E+01   7.3369652699E-04   1.5538542213E+00
 -2.6600000000E+01   7.2157831656E-04   1.5559726216E+00
 -2.6500000000E+01   7.0966011626E-04   1.5580737884E+00
 -2.6400000000E+01   6.9793862958E-04   1.5601577949E+00
 -2.6300000000E+01   6.8641061422E-04   1.5622247154E+00
 -2.6200000000E+01   6.7507288115E-04   1.5642746253E+00
 -2.6100000000E+01   6.6392229377E-04   1.5663076009E+00
 -2.6000000000E+01   6.5295576705E-04   1.5683237194E+00
 -2.5900000000E+01   6.4217026668E-04   1.5703230590E+00
 -2.5800000000E+01   6.3156280823E-04   1.5723056988E+00
 -2.5700000000E+01   6.2113045636E-04   1.5742717186E+00
 -2.5600000000E+01   6.1087032401E-04   1.5762211993E+00
 -2.5500000000E+01   6.0077957159E-04   1.5781542223E+00
 -2.5400000000E+01   5.9085540621E-04   1.5800708699E+00
 -2.5300000000E+01   5.8109508095E-04   1.5819712253E+00
 -2.5200000000E+01   5.7149589406E-04   1.5838553722E+00
 -2.5100000000E+01   5.6205518823E-04   1.5857233950E+00
 -2.5000000000E+01   5.5277034989E-04   1.5875753788E+00
 -2.4900000000E+01   5.4363880847E-04   1.5894114095E+00
 -2.4800000000E+01   5.3465803571E-04   1.5912315732E+00
 -2.4700000000E+01   5.2582554495E-04   1.5930359571E+00
 -2.4600000000E+01   5.1713889044E-04   1.5948246485E+00
 -2.4500000000E+01   5.0859566671E-04   1.5965977354E+00
 -2.4400000000E+01   5.0019350788E-04   1.5983553064E+00
 -2.4300000000E+01   4.9193008702E-04   1.6000974504E+00
 -2.4200000000E+01   4.8380311549E-04   1.6018242569E+00
 -2.4100000000E+01   4.7581034235E-04   1.6035358157E+00
 -2.4000000000E+01   4.6794955371E-04   1.6052322170E+00
 -2.3900000000E+01   4.6021857214E-04   1.6069135516E+00
 -2.3800000000E+01   4.5261525607E-04   1.6085799104E+00
 -2.3700000000E+01   4.4513749918E-04   1.6102313847E+00
 -2.3600000000E+01   4.3778322986E-04   1.6118680663E+00
 -2.3500000000E+01   4.3055041061E-04   1.6134900469E+00
 -2.3400000000E+01   4.2343703750E-04   1.6150974189E+00
 -2.3300000000E+01   4.1644113958E-04   1.6166902746E+00
 -2.3200000000E+01   4.0956077840E-04   1.6182687068E+00
 -2.3100000000E+01   4.0279404744E-04   1.6198328083E+00
 -2.3000000000E+01   3.9613907156E-04   1.6213826721E+00
 -2.2900000000E+01   3.8959400655E-04   1.6229183916E+00
 -2.2800000000E+01   3.8315703856E-04   1.6244400600E+00
 -2.2700000000E+01   3.7682638365E-04   1.6259477708E+00
 -2.2600000000E+01   3.7060028727E-04   1.6274416178E+00
 -2.2500000000E+01   3.6447702376E-04   1.6289216944E+00
 -2.2400000000E+01   3.5845489593E-04   1.6303880946E+00
 -2.2300000000E+01   3.5253223454E-04   1.6318409122E+00
 -2.2200000000E+01   3.4670739788E-04   1.6332802409E+00
 -2.2100000000E+01   3.4097877128E-04   1.6347061746E+00
 -2.2000000000E+01   3.3534476671E-04   1.6361188073E+00
 -2.1900000000E+01   3.2980382228E-04   1.6375182328E+00
 -2.1800000000E+01   3.2435440188E-04   1.6389045449E+00
 -2.1700000000E+01   3.1899499470E-04   1.6402778374E+00
 -2.1600000000E+01   3.1372411487E-04   1.6416382040E+00
 -2.1500000000E+01   3.0854030097E-04   1.6429857383E+00
 -2.1400000000E+01   3.0344211572E-04   1.6443205340E+00
 -2.1300000000E+01   2.9842814551E-04   1.6456426844E+00
 -2.1200000000E+01   2.9349700004E-04   1.6469522830E+00
 -2.1100000000E+01   2.8864731195E-04   1.6482494228E+00
 -2.1000000000E+01   2.8387773643E-04   1.6495341970E+00
 -2.0900000000E+01   2.7918695082E-04   1.6508066985E+00
 -2.0800000000E+01   2.7457365429E-04   1.6520670199E+00
 -2.0700000000E+01   2.7003656748E-04   1.6533152538E+00
 -2.0600000000E+01   2.6557443209E-04   1.6545514926E+00
 -2.0500000000E+01   2.6118601062E-04   1.6557758284E+00
 -2.0400000000E+01   2.5687008593E-04   1.6569883531E+00
 -2.0300000000E+01   2.5262546101E-04   1.6581891584E+00
 -2.0200000000E+01   2.4845095854E-04   1.6593783357E+00
 -2.0100000000E+01   2.4434542067E-04   1.6605559763E+00
 -2.0000000000E+01   2.4030770862E-04   1.6617221710E+00
 -1.9900000000E+01   2.3633670240E-04   1.6628770106E+00
 -1.9800000000E+01   2.3243130050E-04   1.6640205854E+00
 -1.9700000000E+01   2.2859041959E-04   1.6651529855E+00
 -1.9600000000E+01   2.2481299419E-04   1.6662743007E+00
 -1.9500000000E+01   2.2109797643E-04   1.6673846205E+00
 -1.9400000000E+01   2.1744433571E-04   1.6684840340E+00
 -1.9300000000E+01   2.1385105842E-04   1.6695726301E+00
 -1.9200000000E+01   2.1031714772E-04   1.6706504972E+00
 -1.9100000000E+01   2.0684162317E-04   1.6717177236E+00
 -1.9000000000E+01   2.0342352053E-04   1.6727743971E+00
 -1.8900000000E+01   2.0006189148E-04   1.6738206050E+00
 -1.8800000000E+01   1.9675580333E-04   1.6748564346E+00
 -1.8700000000E+01   1.9350433879E-04   1.6758819724E+00
 -1.8600000000E+01   1.9030659571E-04   1.6768973049E+00
 -1.8500000000E+01   1.8716168684E-04   1.6779025181E+00
 -1.8400000000E+01   1.8406873954E-04   1.6788976973E+00
 -1.8300000000E+01   1.8102689560E-04   1.6798829280E+00
 -1.8200000000E+01   1.7803531096E-04   1.6808582947E+00
 -1.8100000000E+01   1.7509315551E-04   1.6818238819E+00
 -1.8000000000E+01   1.7219961281E-04   1.6827797736E+00
 -1.7900000000E+01   1.6935387993E-04   1.6837260532E+00
 -1.7800000000E+01   1.6655516717E-04   1.6846628038E+00
 -1.7700000000E+01   1.6380269788E-04   1.6855901082E+00
 -1.7600000000E+01   1.6109570821E-04   1.6865080485E+00
 -1.7500000000E+01   1.5843344693E-04   1.6874167067E+00
 -1.7400000000E+01   1.5581517522E-04   1.6883161640E+00
 -1.7300000000E+01   1.5324016645E-04   1.6892065015E+00
 -1.7200000000E+01   1.5070770598E-04   1.6900877994E+00
 -1.7100000000E+01   1.4821709097E-04   1.6909601380E+00
 -1.7000000000E+01   1.4576763018E-04   1.6918235968E+00
 -1.6900000000E+01   1.4335864379E-04   1.6926782548E+00
 -1.6800000000E+01   1.4098946321E-04   1.6935241908E+00
 -1.6700000000E+01   1.3865943086E-04   1.6943614828E+00
 -1.6600000000E+01   1.3636790004E-04   1.6951902087E+00
 -1.6500000000E+01   1.3411423473E-04   1.6960104457E+00
 -1.6400000000E+01   1.3189780939E-04   1.6968222706E+00
 -1.6300000000E+01   1.2971800883E-04   1.6976257596E+00
 -1.6200000000E+01   1.2757422800E-04   1.6984209886E+00
 -1.6100000000E+01   1.2546587186E-04   1.6992080329E+00
 -1.6000000000E+01   1.2339235518E-04   1.6999869675E+00
 -1.5900000000E+01   1.2135310239E-04   1.7007578667E+00
 -1.5800000000E+01   1.1934754744E-04   1.7015208043E+00
 -1.5700000000E+01   1.1737513362E-04   1.7022758539E+00
 -1.5600000000E+01   1.1543531341E-04   1.7030230883E+00
 -1.5500000000E+01   1.1352754832E-04   1.7037625800E+00
 -1.5400000000E+01   1.1165130878E-04   1.7044944010E+00
 -1.5300000000E+01   1.0980607395E-04   1.7052186227E+00
 -1.5200000000E+01   1.0799133159E-04   1.7059353160E+00
 -1.5100000000E+01   1.0620657791E-04   1.7066445516E+00
 -1.5000000000E+01   1.0445131746E-04   1.7073463994E+00
 -1.4900000000E+01   1.0272506296E-04   1.7080409288E+00
 -1.4800000000E+01   1.0102733518E-04   1.7087282090E+00
 -1.4700000000E+01   9.9357662800E-05   1.7094083084E+00
 -1.4600000000E+01   9.7715582298E-05   1.7100812950E+00
 -1.4500000000E+01   9.6100637792E-05   1.7107472365E+00
 -1.4400000000E+01   9.4512380936E-05   1.7114061997E+00
 -1.4300000000E+01   9.2950370788E-05   1.7120582514E+00
 -1.4200000000E+01   9.1414173688E-05   1.7127034575E+00
 -1.4100000000E+01   8.9903363139E-05   1.7133418837E+00
 -1.4000000000E+01   8.8417519689E-05   1.7139735950E+00
 -1.3900000000E+01   8.6956230813E-05   1.7145986560E+00
 -1.3800000000E+01   8.5519090799E-05   1.7152171308E+00
 -1.3700000000E+01   8.4105700638E-05   1.7158290830E+00
 -1.3600000000E+01   8.2715667911E-05   1.7164345757E+00
 -1.3500000000E+01   8.1348606680E-05   1.7170336717E+00
 -1.3400000000E+01   8.0004137383E-05   1.7176264330E+00
 -1.3300000000E+01   7.8681886727E-05   1.7182129212E+00
 -1.3200000000E+01   7.7381487584E-05   1.7187931977E+00
 -1.3100000000E+01   7.6102578892E-05   1.7193673231E+00
 -1.3000000000E+01   7.4844805552E-05   1.7199353575E+00
 -1.2900000000E+01   7.3607818332E-05   1.7204973609E+00
 -1.2800000000E+01   7.2391273769E-05   1.7210533923E+00
 -1.2700000000E+01   7.1194834070E-05   1.7216035106E+00
 -1.2600000000E+01   7.0018167028E-05   1.7221477741E+00
 -1.2500000000E+01   6.8860945918E-05   1.7226862406E+00
 -1.2400000000E+01   6.7722849417E-05   1.7232189676E+00
 -1.2300000000E+01   6.6603561506E-05   1.7237460118E+00
 -1.2200000000E+01   6.5502771390E-05   1.7242674297E+00
 -1.2100000000E+01   6.4420173407E-05   1.7247832772E+00
 -1.2000000000E+01   6.3355466943E-05   1.7252936099E+00
 -1.1900000000E+01   6.2308356353E-05   1.7257984828E+00
 -1.1800000000E+01   6.1278550874E-05   1.7262979503E+00
 -1.1700000000E+01   6.0265764547E-05   1.7267920667E+00
 -1.1600000000E+01   5.9269716138E-05   1.7272808855E+00
 -1.1500000000E+01   5.8290129059E-05   1.7277644599E+00
 -1.1400000000E+01   5.7326731290E-05   1.7282428427E+00
 -1.1300000000E+01   5.6379255306E-05   1.7287160862E+00
 -1.1200000000E+01   5.5447438003E-05   1.7291842421E+00
 -1.1100000000E+01   5.4531020621E-05   1.7296473619E+00
 -1.1000000000E+01   5.3629748679E-05   1.7301054964E+00
 -1.0900000000E+01   5.2743371896E-05   1.7305586962E+00
 -1.0800000000E+01   5.1871644129E-05   1.7310070114E+00
 -1.0700000000E+01   5.1014323301E-05   1.7314504914E+00
 -1.0600000000E+01   5.0171171335E-05   1.7318891856E+00
 -1.0500000000E+01   4.9341954085E-05   1.7323231426E+00
 -1.0400000000E+01   4.8526441277E-05   1.7327524108E+00
 -1.0300000000E+01   4.7724406439E-05   1.7331770379E+00
 -1.0200000000E+01   4.6935626842E-05   1.7335970716E+00
 -1.0100000000E+01   4.6159883438E-05   1.7340125587E+00
 -1.0000000000E+01   4.5396960795E-05   1.7344235459E+00
 -9.9000000000E+00   4.4646647045E-05   1.7348300795E+00
 -9.8000000000E+00   4.3908733816E-05   1.7352322050E+00
 -9.7000000000E+00   4.3183016182E-05   1.7356299680E+00
 -9.6000000000E+00   4.2469292602E-05   1.7360234133E+00
 -9.5000000000E+00   4.1767364865E-05   1.7364125854E+00
 -9.4000000000E+00   4.1077038034E-05   1.7367975285E+00
 -9.3000000000E+00   4.0398120396E-05   1.7371782864E+00
 -9.2000000000E+00   3.9730423402E-05   1.7375549022E+00
 -9.1000000000E+00   3.9073761621E-05   1.7379274190E+00
 -9.0000000000E+00   3.8427952685E-05   1.7382958792E+00
 -8.9000000000E+00   3.7792817239E-05   1.7386603249E+00
 -8.8000000000E+00   3.7168178892E-05   1.7390207980E+00
 -8.7000000000E+00   3.6553864169E-05   1.7393773396E+00
 -8.6000000000E+00   3.5949702459E-05   1.7397299909E+00
 -8.5000000000E+00   3.5355525972E-05   1.7400787923E+00
 -8.4000000000E+00   3.4771169688E-05   1.7404237841E+00
 -8.3000000000E+00   3.4196471318E-05   1.7407650060E+00
 -8.2000000000E+00   3.3631271251E-05   1.7411024975E+00
 -8.1000000000E+00   3.3075412514E-05   1.7414362977E+00
 -8.0000000000E+00   3.2528740730E-05   1.7417664452E+00
 -7.9000000000E+00   3.1991104070E-05   1.7420929784E+00
 -7.8000000000E+00   3.1462353217E-05   1.7424159352E+00
 -7.7000000000E+00   3.0942341318E-05   1.7427353532E+00
 -7.6000000000E+00   3.0430923950E-05   1.7430512696E+00
 -7.5000000000E+00   2.9927959074E-05   1.7433637214E+00
 -7.4000000000E+00   2.9433306999E-05   1.7436727450E+00
 -7.3000000000E+00   2.8946830342E-05   1.7439783767E+00
 -7.2000000000E+00   2.8468393992E-05   1.7442806522E+00
 -7.1000000000E+00   2.7997865068E-05   1.7445796069E+00
 -7.0000000000E+00   2.7535112887E-05   1.7448752762E+00
 -6.9000000000E+00   2.7080008924E-05   1.7451676946E+00
 -6.8000000000E+00   2.6632426779E-05   1.7454568967E+00
 -6.7000000000E+00   2.6192242140E-05   1.7457429166E+00
 -6.6000000000E+00   2.5759332749E-05   1.7460257881E+00
 -6.5000000000E+00   2.5333578370E-05   1.7463055446E+00
 -6.4000000000E+00   2.4914860752E-05   1.7465822192E+00
 -6.3000000000E+00   2.4503063599E-05   1.7468558448E+00
 -6.2000000000E+00   2.4098072538E-05   1.7471264537E+00
 -6.1000000000E+00   2.3699775083E-05   1.7473940782E+00
 -6.0000000000E+00   2.3308060609E-05   1.7476587501E+00
 -5.9000000000E+00   2.2922820320E-05   1.7479205008E+00
 -5.8000000000E+00   2.2543947216E-05   1.7481793617E+00
 -5.7000000000E+00   2.2171336066E-05   1.7484353635E+00
 -5.6000000000E+00   2.1804883377E-05   1.7486885369E+00
 -5.5000000000E+00   2.1444487369E-05   1.7489389122E+00
 -5.4000000000E+00   2.1090047942E-05   1.7491865193E+00
 -5.3000000000E+00   2.0741466649E-05   1.7494313880E+00
 -5.2000000000E+00   2.0398646673E-05   1.7496735475E+00
 -5.1000000000E+00   2.0061492795E-05   1.7499130270E+00
 -5.0000000000E+00   1.9729911370E-05   1.7501498553E+00
 -4.9000000000E+00   1.9403810299E-05   1.7503840609E+00
 -4.8000000000E+00   1.9083099009E-05   1.7506156720E+00
 -4.7000000000E+00   1.8767688420E-05   1.7508447164E+00
 -4.6000000000E+00   1.8457490925E-05   1.7510712220E+00
 -4.5000000000E+00   1.8152420367E-05   1.7512952160E+00
 -4.4000000000E+00   1.7852392010E-05   1.7515167256E+00
 -4.3000000000E+00   1.7557322520E-05   1.7517357774E+00
 -4.2000000000E+00   1.7267129939E-05   1.7519523982E+00
 -4.1000000000E+00   1.6981733665E-05   1.7521666142E+00
 -4.0000000000E+00   1.6701054427E-05   1.7523784513E+00
 -3.9000000000E+00   1.6425014264E-05   1.7525879353E+00
 -3.8000000000E+00   1.6153536504E-05   1.7527950917E+00
 -3.7000000000E+00   1.5886545742E-05   1.7529999456E+00
 -3.6000000000E+00   1.5623967819E-05   1.7532025222E+00
 -3.5000000000E+00   1.5365729802E-05   1.7534028460E+00
 -3.4000000000E+00   1.5111759961E-05   1.7536009414E+00
 -3.3000000000E+00   1.4861987756E-05   1.7537968328E+00
 -3.2000000000E+00   1.4616343808E-05   1.7539905440E+00
 -3.1000000000E+00   1.4374759888E-05   1.7541820987E+00
 -3.0000000000E+00   1.4137168893E-05   1.7543715204E+00
 -2.9000000000E+00   1.3903504830E-05   1.7545588323E+00
 -2.8000000000E+00   1.3673702794E-05   1.7547440574E+00
 -2.7000000000E+00   1.3447698957E-05   1.7549272183E+00
 -2.6000000000E+00   1.3225430543E-05   1.7551083376E+00
 -2.5000000000E+00   1.3006835813E-05   1.7552874376E+00
 -2.4000000000E+00   1.2791854050E-05   1.7554645403E+00
 -2.3000000000E+00   1.2580425541E-05   1.7556396674E+00
 -2.2000000000E+00   1.2372491556E-05   1.7558128406E+00
 -2.1000000000E+00   1.2167994341E-05   1.7559840811E+00
 -2.0000000000E+00   1.1966877093E-05   1.7561534102E+00
 -1.9000000000E+00   1.1769083948E-05   1.7563208487E+00
 -1.8000000000E+00   1.1574559966E-05   1.7564864174E+00
 -1.7000000000E+00   1.1383251115E-05   1.7566501366E+00
 -1.6000000000E+00   1.1195104257E-05   1.7568120266E+00
 -1.5000000000E+00   1.1010067129E-05   1.7569721075E+00
 -1.4000000000E+00   1.0828088336E-05   1.7571303991E+00
 -1.3000000000E+00   1.0649117329E-05   1.7572869210E+00
 -1.2000000000E+00   1.0473104396E-05   1.7574416927E+00
 -1.1000000000E+00   1.0300000646E-05   1.7575947333E+00
 -1.0000000000E+00   1.0129757996E-05   1.7577460619E+00
 -9.0000000000E-01   9.9623291592E-06   1.7578956972E+00
 -8.0000000000E-01   9.7976676284E-06   1.7580436579E+00
 -7.0000000000E-01   9.6357276658E-06   1.7581899624E+00
 -6.0000000000E-01   9.4764642895E-06   1.7583346289E+00
 -5.0000000000E-01   9.3198332610E-06   1.7584776753E+00
 -4.0000000000E-01   9.1657910730E-06   1.7586191197E+00
 -3.0000000000E-01   9.0142949371E-06   1.7587589795E+00
 -2.0000000000E-01   8.8653027724E-06   1.7588972723E+00
 -1.0000000000E-01   8.7187731931E-06   1.7590340152E+00
  0.0000000000E+00   8.5746654976E-06   1.7591692255E+00
